100 500 2 10
43 21 9217
73 1 9276
10 70 6633
90 9 1892
56 15 1719
24 2 2145
50 2 5894
50 60 5536
29 72 5079
8 95 9902
59 42 5099
47 11 7433
15 67 2899
87 5 6713
42 92 1154
55 30 2731
8 71 6112
93 39 8021
36 84 2451
31 51 6443
57 22 9730
54 59 4813
74 48 4247
38 26 8989
28 89 2371
42 44 8693
15 91 3939
22 62 7164
31 59 6645
95 53 5890
34 5 6253
68 18 7267
57 92 5155
44 26 3493
99 91 7631
15 21 506
92 50 6881
26 83 5624
79 12 8766
45 76 2194
17 86 1546
24 27 4159
55 82 4753
62 1 6870
82 72 9023
68 78 7711
77 98 8426
37 9 195
52 47 6639
15 62 21
4 76 6883
91 30 5175
60 62 9812
97 82 9748
77 58 3356
57 49 3095
47 91 870
12 21 6719
40 59 3313
69 72 1184
48 2 4383
99 9 2949
20 30 3475
97 15 7392
70 14 3613
5 79 6215
43 12 9413
18 95 3020
7 26 8284
64 65 8846
41 60 4987
86 35 8340
43 72 3843
56 11 9718
88 39 221
52 74 6051
48 21 7832
89 25 1826
72 97 9379
57 85 2681
1 51 3676
66 18 528
15 36 9393
77 26 9313
74 3 2979
76 80 1603
17 60 3303
68 23 6801
10 28 4913
9 79 2084
15 27 8216
56 74 5847
6 36 4221
22 96 3362
22 77 9440
27 72 4366
54 51 2828
50 27 5883
46 86 7956
29 69 5658
69 84 3269
15 40 7024
23 66 479
9 29 3990
26 62 7986
7 65 7969
19 25 9189
76 2 549
21 65 9909
19 92 1827
35 88 1173
59 48 3290
92 66 6774
54 39 7455
7 99 1692
15 59 2864
83 99 5355
97 88 9441
88 11 1577
40 37 5793
18 99 3766
59 55 4070
30 41 480
43 68 47
41 48 6751
45 97 2276
63 90 8873
25 68 6555
45 100 229
90 81 5829
78 13 2730
3 5 591
72 35 5332
35 4 6524
66 44 4054
63 71 2528
95 40 6734
21 52 3069
69 51 7450
12 70 3346
33 34 8225
98 36 2156
74 50 4640
85 33 8192
32 13 920
60 73 6660
69 45 9960
44 93 2603
74 71 6110
71 88 5684
77 82 3942
3 100 9299
89 96 2737
19 44 4695
98 94 8180
35 47 539
10 80 8212
4 69 5876
94 72 3635
3 68 3251
57 10 4517
87 33 7578
30 56 2269
31 91 8390
70 78 8523
9 48 7867
85 59 4127
33 80 3887
88 59 7580
27 48 835
93 63 7795
14 60 7570
82 3 4913
34 54 9308
15 97 1245
2 80 1683
41 79 1809
30 28 8168
94 15 4300
83 95 7107
7 14 5437
4 37 463
17 85 244
46 30 2598
26 52 5632
80 57 2209
50 42 7234
55 18 473
91 29 3418
57 6 1584
44 52 3086
37 11 9299
93 65 1441
71 94 9307
17 52 8454
66 65 2263
100 88 8518
44 5 5417
18 50 8263
22 38 788
51 61 1627
39 32 5212
52 40 9944
9 46 1821
58 100 3177
86 41 860
53 35 4413
7 84 9369
31 78 488
73 58 6246
43 92 1818
67 29 4435
85 11 6476
61 16 2341
72 84 6839
22 10 2954
99 89 1890
44 95 339
70 15 3606
21 37 5121
52 99 7892
74 22 4873
84 54 4521
81 6 5810
4 94 9752
5 83 6227
7 54 6651
34 57 6775
76 50 1702
38 33 8620
24 5 5741
69 97 7073
3 4 2468
21 71 2698
20 47 4749
12 24 7788
85 77 7765
12 26 1650
52 15 7154
40 73 5419
65 32 479
42 14 2384
32 89 3151
62 61 5519
11 36 7042
15 90 3091
25 32 4113
37 43 3147
86 13 8475
30 78 5696
79 30 8205
10 64 8877
78 37 4643
39 21 1394
16 90 2149
54 36 1399
47 27 7130
83 49 5062
77 11 8753
92 41 3504
82 1 1767
34 28 2636
45 84 4021
22 69 8934
24 63 4885
17 42 9272
41 61 1977
98 13 8118
28 56 3498
12 57 5922
89 21 9781
99 80 7097
37 75 4610
83 40 7040
29 94 3269
67 30 2218
74 97 5229
5 22 1332
46 55 4280
17 50 3660
28 61 2691
61 100 3663
12 38 6255
64 86 2653
97 58 1729
58 46 7452
7 62 1186
53 4 951
29 43 9550
74 40 7606
21 45 7633
52 6 7160
83 17 5249
53 1 6188
38 55 4668
36 22 7527
1 44 9365
46 72 7275
69 92 6258
95 45 5159
35 85 9682
1 21 6890
18 6 5535
37 82 1546
10 95 1338
37 19 2485
72 58 4250
3 37 8722
76 52 9160
95 37 3938
5 87 3741
60 8 6367
68 72 7667
11 10 3983
80 9 6967
12 78 1543
5 100 3881
9 85 8316
57 59 5628
89 62 3333
94 43 5965
5 13 6862
99 39 8089
70 35 9575
63 98 4775
26 51 9814
45 44 621
35 99 3368
80 29 9909
44 98 3271
42 26 4420
94 26 514
52 16 6854
35 16 6616
69 77 6793
61 4 526
100 39 3286
28 53 7821
17 39 3634
87 20 1936
64 93 8813
31 79 4724
17 31 6689
11 3 9161
89 33 3738
18 11 7743
28 21 4687
16 56 9566
60 16 6084
65 73 934
45 93 5698
67 74 788
72 91 8557
3 28 7523
43 85 4931
93 60 5415
51 80 9080
20 84 5299
20 97 8828
98 63 1017
21 18 8646
88 71 6379
80 19 5304
3 14 9676
50 34 6254
8 40 9453
29 14 6324
29 18 4050
56 85 8004
43 39 5708
16 95 1674
31 87 2193
70 94 3582
46 64 1647
12 39 7531
31 71 9776
61 41 1740
9 96 7872
38 66 3419
51 8 9647
62 72 4915
47 53 6826
42 78 4743
35 76 6914
45 40 6609
17 69 9905
16 28 6158
70 45 9679
33 43 9676
41 42 6652
86 2 9336
10 94 847
22 49 2233
2 52 1016
8 20 1539
86 74 3156
91 46 9318
78 87 1315
73 28 3592
16 17 6362
73 26 6112
2 34 3611
87 67 9897
31 53 7753
38 25 4249
39 44 613
66 31 1719
41 25 7663
40 47 96
7 34 6514
6 8 9650
60 68 8684
88 64 1137
3 57 8026
80 45 2182
63 28 9929
40 13 6637
29 89 5344
96 67 6821
80 76 1699
98 59 9435
99 4 6910
43 84 2862
98 15 7465
23 35 7915
11 27 7460
59 12 1828
50 32 4495
76 74 7174
67 51 8642
83 44 1409
65 53 3158
10 97 8331
28 66 129
65 15 5443
45 62 8782
57 79 2107
81 3 4399
31 54 5110
57 24 8608
58 73 6127
89 6 2120
62 40 5866
25 63 2351
69 63 3762
34 63 6104
92 46 5394
2 40 9065
71 52 3656
69 47 8130
35 32 4210
97 24 8833
36 21 1265
46 26 7010
89 55 8687
41 70 9776
60 44 3593
74 23 5643
31 22 7921
58 70 609
24 12 8030
71 35 2768
7 82 2213
87 15 9774
50 46 1888
26 42 5960
3 49 739
31 27 6694
13 88 8585
35 87 9865
52 43 5199
36 77 2212
40 97 7147
6 66 6446
50 82 2055
9 61 955
11 63 5674
46 87 9521
16 62 2657
17 66 9546
68 31 3129
57 71 5942
70 80 7736
35 91 3786
3 84 5624
48 43 5441
3 35 6415
96 51 118
78 7 1671
89 63 9772
78 49 5587
90 91 5110
64 41 8561
39 2 8139
36 30 1257
16 75 1522
74 84 1615
39 9 698
14 12 5316
85 92 4924
16 58 1
83 6 2
65 46 1
79 56 2
82 38 0
2 23 2
18 78 1
80 94 2
62 58 1
43 81 1
