50 500 2 10
20 45 393
10 27 452
43 47 294
23 36 697
2 41 70
50 3 31
50 15 957
21 46 101
39 2 675
20 19 509
46 21 606
17 42 665
30 35 987
31 8 284
28 3 55
20 47 100
34 26 356
49 2 4
7 1 859
19 30 236
10 26 766
33 24 796
41 3 345
5 30 536
42 48 52
15 34 305
48 50 764
19 42 612
4 47 309
1 14 453
5 37 552
18 48 169
33 20 926
36 37 229
34 8 162
43 11 606
32 31 100
48 10 790
21 5 691
14 2 494
6 36 311
48 34 165
33 31 667
15 18 342
39 45 740
15 29 781
35 46 410
1 49 127
10 25 299
25 39 959
42 25 757
32 3 40
28 48 785
26 34 811
36 46 421
5 24 68
39 49 919
47 49 227
31 13 892
41 15 59
34 21 884
47 9 590
24 37 681
13 11 775
43 31 924
39 42 348
33 47 633
33 7 361
35 26 512
23 26 252
39 41 667
42 49 91
47 38 709
37 8 770
3 28 760
12 7 249
40 39 669
2 23 188
40 43 248
27 25 191
36 32 591
14 31 390
12 5 158
46 28 943
15 30 241
47 45 943
37 4 706
38 34 54
44 36 256
29 11 885
23 7 40
29 25 242
12 18 388
20 44 982
34 3 171
10 39 149
47 40 640
24 28 85
25 10 683
31 18 25
31 50 690
46 9 894
6 21 166
11 44 226
40 11 21
3 44 719
10 33 518
47 17 550
36 27 706
1 17 101
11 41 772
4 28 665
30 43 365
44 30 90
41 8 418
1 30 444
24 4 144
9 12 342
33 13 749
9 4 744
35 30 506
50 47 492
15 23 44
38 25 20
26 46 804
29 47 500
24 2 556
48 38 296
12 11 19
27 5 970
25 35 704
21 11 633
3 35 864
3 7 624
45 39 192
43 24 171
39 35 772
16 48 706
42 31 86
6 2 326
7 23 792
17 50 886
1 29 551
44 50 398
31 6 999
31 11 243
15 26 634
45 49 523
27 18 411
7 9 331
22 38 589
10 28 65
33 50 26
3 46 938
7 46 983
1 27 51
3 13 145
48 7 638
21 34 680
47 44 236
40 25 97
10 43 561
14 23 295
28 12 999
36 16 236
22 48 831
16 49 358
5 47 777
32 22 734
24 18 466
34 11 31
10 3 457
13 23 53
7 8 647
44 5 842
8 3 445
22 37 928
9 7 102
47 16 501
28 5 633
2 5 286
25 9 216
8 18 153
9 20 183
10 29 559
17 13 82
11 2 277
12 45 501
20 34 367
43 35 442
37 20 872
32 27 781
39 13 912
23 46 412
47 48 881
29 27 513
44 27 420
15 37 903
6 4 851
24 38 615
24 12 255
3 27 581
31 36 233
35 27 121
12 6 571
9 3 679
36 19 625
29 42 18
30 21 894
32 35 992
31 1 579
8 29 778
25 34 32
6 11 584
42 35 308
16 15 765
42 47 124
5 41 939
45 7 756
34 40 628
11 30 516
40 37 500
6 25 897
29 2 866
47 7 124
18 9 939
41 2 343
34 19 548
19 2 48
5 6 957
30 8 57
37 13 616
39 37 397
29 22 60
48 31 228
21 1 573
20 11 723
8 15 100
23 5 488
10 24 30
40 46 336
23 16 675
28 31 984
34 1 363
22 19 273
9 32 786
50 11 285
3 42 250
46 49 245
37 47 480
2 28 4
45 15 394
4 11 445
41 16 365
33 48 117
1 16 771
50 14 185
20 7 920
42 17 989
27 6 927
40 8 783
12 39 495
26 45 104
47 24 838
27 47 110
43 30 498
26 36 644
26 14 500
37 16 318
2 39 235
5 9 342
41 32 657
15 40 139
9 19 434
7 22 475
11 45 947
26 20 668
18 15 683
37 46 148
38 36 254
41 42 165
14 8 673
8 34 93
41 29 739
7 16 189
46 24 178
2 49 744
14 35 313
7 24 885
24 16 578
38 30 631
40 34 964
8 9 741
40 35 814
28 8 857
22 9 620
35 1 483
1 5 51
23 13 534
6 32 902
7 13 327
20 2 446
24 41 274
18 25 462
42 7 146
4 19 476
12 3 717
14 40 278
4 10 987
41 49 562
9 37 796
37 2 651
19 31 980
37 10 950
22 41 487
34 50 975
25 48 648
22 46 866
38 29 107
13 9 114
8 32 915
26 24 986
18 49 606
49 9 572
21 17 274
33 3 968
48 9 965
20 15 671
27 12 798
6 47 218
26 16 616
33 42 555
2 18 306
47 23 922
50 41 582
12 15 841
21 37 849
9 24 747
40 47 499
7 44 817
6 43 554
35 13 702
35 24 641
5 32 538
15 17 823
33 29 205
36 38 629
48 20 388
3 29 973
26 43 587
24 39 867
30 37 347
42 5 500
44 49 55
26 23 147
46 40 930
42 4 939
9 43 117
45 8 69
43 28 935
29 31 93
38 42 395
18 28 635
49 8 387
7 5 208
33 43 743
42 24 260
38 16 124
12 8 108
43 36 95
35 18 586
33 11 105
14 44 147
8 38 15
46 1 544
19 47 476
14 10 78
4 9 810
5 45 188
14 12 395
29 35 414
1 22 871
35 36 617
46 16 34
13 1 533
9 8 924
24 43 994
21 18 465
26 11 608
37 12 327
13 12 868
41 21 900
34 36 989
45 36 332
43 20 252
7 6 335
16 17 632
2 45 38
36 49 606
39 4 917
27 33 18
5 40 320
35 17 133
50 18 451
43 27 195
38 17 522
14 47 32
17 28 802
42 2 588
21 41 303
38 31 201
46 39 311
13 33 791
31 15 183
16 33 428
39 28 803
41 22 791
11 47 478
17 37 715
35 47 625
28 44 413
5 33 935
21 19 424
24 30 977
4 31 314
31 44 780
15 43 119
34 38 57
22 26 633
3 6 471
20 25 861
50 38 582
45 34 183
5 10 169
46 2 461
1 25 492
9 28 249
17 34 156
18 16 175
18 19 492
50 8 342
40 14 800
3 2 152
30 48 1
46 33 449
27 19 640
47 5 85
21 45 327
11 26 257
32 36 520
39 43 560
45 4 508
1 35 357
18 11 520
14 4 565
31 28 343
41 17 529
30 34 418
11 27 474
42 12 387
33 21 731
47 26 307
38 35 346
35 20 794
32 12 834
33 17 381
19 9 903
2 36 502
10 46 568
31 5 581
34 32 274
20 36 501
36 40 810
34 43 150
42 19 561
5 2 622
50 17 521
2 9 545
36 45 736
32 28 455
49 30 151
38 28 706
12 41 613
22 25 83
15 44 900
37 32 23
45 12 78
6 26 355
10 14 305
30 26 812
28 7 777
25 33 605
30 45 409
10 35 75
14 21 21
35 28 525
30 6 206
21 42 959
30 11 554
12 31 384
26 10 0
9 14 0
29 1 0
29 21 1
32 20 0
24 9 2
41 43 0
44 33 0
49 2 0
28 49 1
