50 100 0 1000
30 9 692
46 36 642
27 24 603
46 26 929
46 34 67
48 36 370
29 39 563
36 50 229
29 10 952
41 33 271
32 28 689
30 42 314
11 1 489
37 38 726
40 16 631
23 30 460
14 2 756
17 21 472
3 33 508
23 41 771
6 2 95
14 17 711
26 5 38
49 11 115
16 28 909
34 6 260
16 8 419
15 30 61
30 28 175
26 16 946
3 46 497
26 36 220
33 36 205
18 38 541
25 20 916
49 36 603
29 33 125
32 5 1
6 43 60
39 30 787
40 26 865
45 23 332
3 27 700
47 15 981
42 24 649
39 33 904
7 25 293
27 14 8
6 16 226
15 36 76
36 30 826
47 43 704
18 17 417
48 44 585
32 44 848
43 9 822
15 43 152
11 42 441
39 50 852
29 4 310
47 48 26
31 4 152
39 47 833
17 38 847
18 30 89
38 43 76
40 39 374
39 28 708
49 43 355
9 6 757
28 1 92
19 2 845
45 20 277
26 31 19
6 29 805
33 37 117
33 23 888
13 31 168
38 36 363
38 48 954
29 43 86
11 32 755
6 27 547
23 46 951
34 29 606
36 17 306
37 18 180
38 27 386
34 4 155
4 9 251
39 31 3
23 22 112
11 20 902
40 28 482
43 30 607
19 4 258
31 17 936
38 42 406
3 16 938
20 21 300
21 34 0
15 45 0
47 32 0
31 1 0
46 48 0
30 13 0
49 13 0
28 11 0
21 14 0
22 9 0
1 17 0
13 5 0
16 24 0
35 24 0
37 19 0
2 12 0
14 50 0
21 16 0
29 15 0
31 27 0
28 27 0
17 15 0
23 29 0
3 3 0
42 6 0
48 49 0
17 46 0
13 24 0
32 11 0
29 25 0
37 9 0
1 34 0
14 4 0
4 47 0
47 15 0
41 28 0
18 21 0
21 19 0
15 40 0
48 6 0
45 46 0
49 30 0
47 23 0
50 43 0
47 16 0
20 46 0
32 9 0
10 44 0
13 11 0
8 29 0
23 9 0
5 35 0
33 29 0
35 5 0
40 49 0
6 9 0
16 24 0
26 9 0
3 18 0
46 27 0
19 22 0
5 10 0
17 44 0
40 2 0
5 45 0
20 19 0
36 4 0
7 43 0
25 48 0
41 49 0
25 39 0
45 10 0
10 33 0
5 11 0
48 48 0
24 18 0
8 25 0
48 26 0
33 31 0
21 7 0
44 25 0
1 40 0
41 8 0
37 45 0
10 8 0
10 37 0
4 20 0
1 44 0
32 26 0
30 48 0
28 20 0
15 37 0
8 23 0
23 23 0
17 1 0
13 33 0
38 13 0
7 9 0
22 40 0
8 12 0
3 41 0
36 22 0
5 21 0
22 13 0
10 34 0
41 11 0
42 6 0
1 31 0
19 13 0
42 48 0
21 21 0
31 39 0
13 23 0
38 45 0
27 43 0
34 8 0
35 35 0
15 20 0
47 18 0
42 34 0
37 30 0
30 13 0
3 34 0
19 21 0
28 5 0
35 10 0
11 50 0
37 24 0
12 31 0
11 18 0
32 49 0
4 2 0
5 42 0
16 38 0
11 3 0
44 4 0
28 27 0
37 16 0
45 15 0
18 40 0
28 20 0
33 3 0
7 27 0
31 45 0
13 38 0
23 34 0
8 15 0
27 32 0
45 42 0
26 15 0
33 31 0
48 26 0
23 1 0
11 8 0
30 25 0
19 43 0
7 6 0
4 23 0
27 41 0
39 6 0
47 49 0
34 34 0
4 29 0
28 44 0
26 15 0
20 26 0
3 27 0
20 9 0
41 43 0
29 40 0
32 33 0
12 38 0
40 8 0
49 44 0
27 2 0
28 31 0
22 40 0
41 23 0
26 9 0
32 29 0
2 46 0
18 49 0
33 14 0
42 32 0
33 40 0
1 46 0
20 50 0
41 8 0
42 43 0
9 37 0
47 46 0
22 26 0
10 36 0
25 49 0
40 20 0
44 8 0
16 24 0
16 16 0
18 43 0
25 29 0
22 43 0
49 45 0
42 50 0
19 29 0
26 39 0
17 24 0
25 14 0
23 3 0
42 12 0
20 8 0
26 27 0
42 14 0
8 38 0
23 20 0
22 25 0
6 36 0
11 9 0
21 22 0
49 13 0
1 29 0
27 11 0
47 24 0
47 46 0
29 48 0
29 2 0
21 33 0
10 11 0
33 9 0
26 12 0
7 35 0
37 36 0
27 18 0
48 34 0
5 19 0
24 5 0
7 35 0
23 17 0
10 46 0
9 30 0
25 45 0
29 17 0
37 26 0
26 5 0
48 34 0
36 38 0
23 1 0
18 39 0
26 22 0
44 10 0
6 27 0
8 31 0
50 39 0
19 10 0
3 40 0
17 7 0
22 16 0
21 34 0
34 44 0
42 27 0
49 18 0
34 2 0
32 22 0
40 35 0
19 12 0
18 2 0
32 39 0
44 39 0
19 45 0
20 36 0
20 24 0
39 24 0
37 37 0
41 16 0
43 24 0
38 40 0
28 50 0
13 33 0
15 25 0
33 23 0
30 16 0
2 15 0
42 1 0
29 46 0
29 31 0
46 5 0
9 49 0
10 15 0
39 20 0
49 10 0
2 40 0
24 10 0
31 46 0
9 5 0
2 19 0
32 10 0
42 21 0
27 3 0
43 17 0
15 44 0
43 8 0
20 41 0
38 43 0
3 33 0
35 14 0
33 39 0
8 9 0
4 18 0
42 17 0
23 2 0
15 30 0
5 22 0
47 26 0
19 30 0
7 44 0
10 18 0
46 30 0
46 3 0
35 47 0
16 14 0
39 47 0
30 48 0
30 26 0
46 6 0
18 49 0
35 40 0
44 39 0
47 44 0
22 9 0
22 26 0
41 21 0
21 46 0
25 20 0
14 38 0
27 19 0
34 8 0
11 30 0
26 12 0
44 41 0
33 11 0
50 28 0
50 48 0
3 38 0
8 15 0
38 15 0
28 22 0
40 33 0
4 9 0
16 29 0
32 4 0
34 32 0
40 28 0
21 31 0
34 34 0
27 44 0
26 1 0
42 23 0
4 14 0
29 28 0
34 8 0
48 32 0
35 15 0
14 38 0
3 48 0
2 17 0
35 12 0
14 48 0
49 40 0
28 47 0
27 9 0
19 49 0
15 22 0
4 39 0
32 24 0
32 17 0
35 28 0
44 1 0
18 6 0
3 22 0
19 35 0
27 20 0
44 1 0
32 27 0
30 49 0
43 14 0
18 25 0
31 42 0
38 40 0
21 32 0
36 45 0
10 14 0
2 30 0
40 38 0
32 41 0
14 41 0
33 21 0
37 12 0
42 3 0
20 30 0
45 21 0
8 25 0
17 10 0
48 25 0
32 24 0
3 36 0
11 34 0
24 14 0
19 22 0
41 15 0
47 11 0
50 4 0
19 14 0
36 14 0
11 1 0
23 25 0
45 44 0
46 14 0
14 3 0
35 11 0
34 18 0
1 20 0
4 19 0
23 50 0
11 21 0
27 42 0
43 17 0
9 3 0
3 49 0
29 13 0
23 36 0
21 3 0
10 42 0
18 18 0
1 13 0
34 46 0
19 48 0
50 3 0
33 37 0
34 48 0
49 14 0
10 28 0
2 14 0
32 24 0
11 10 0
28 25 0
28 47 0
38 36 0
6 44 0
45 23 0
50 39 0
45 23 0
4 13 0
20 28 0
23 34 0
22 15 0
9 7 0
50 38 0
46 35 0
46 40 0
11 3 0
30 8 0
4 34 0
40 1 0
2 47 0
18 45 0
44 4 0
25 49 0
31 28 0
46 12 0
48 31 0
18 45 0
43 31 0
22 29 0
47 35 0
41 16 0
38 20 0
28 17 0
35 15 0
27 36 0
33 9 0
14 32 0
36 25 0
38 11 0
5 42 0
37 28 0
15 20 0
46 49 0
12 19 0
16 1 0
4 17 0
39 3 0
8 25 0
31 15 0
6 42 0
49 29 0
31 7 0
49 31 0
3 24 0
26 1 0
2 18 0
5 7 0
10 49 0
37 37 0
50 50 0
10 8 0
50 39 0
6 8 0
24 6 0
32 48 0
45 5 0
35 46 0
48 30 0
34 9 0
18 3 0
50 21 0
29 7 0
8 48 0
46 23 0
36 45 0
30 34 0
5 39 0
21 33 0
22 14 0
6 36 0
15 12 0
14 30 0
25 1 0
18 7 0
25 34 0
7 19 0
6 19 0
14 43 0
25 19 0
33 13 0
43 45 0
14 48 0
3 34 0
35 11 0
30 37 0
8 49 0
50 23 0
9 38 0
39 49 0
47 42 0
16 36 0
9 9 0
7 30 0
30 33 0
35 42 0
38 46 0
41 5 0
26 47 0
2 29 0
28 48 0
30 1 0
3 27 0
24 19 0
5 22 0
8 27 0
8 29 0
10 50 0
18 26 0
17 4 0
37 14 0
12 45 0
23 4 0
25 32 0
36 36 0
39 41 0
25 15 0
46 24 0
15 34 0
14 47 0
9 22 0
26 25 0
22 14 0
34 12 0
14 38 0
39 31 0
33 32 0
32 31 0
31 2 0
32 18 0
2 43 0
21 15 0
37 48 0
49 10 0
1 15 0
48 16 0
24 46 0
12 30 0
45 2 0
35 15 0
50 6 0
24 21 0
15 33 0
42 14 0
45 14 0
35 32 0
40 1 0
5 47 0
12 42 0
45 27 0
38 43 0
20 41 0
44 29 0
13 34 0
15 31 0
29 14 0
16 29 0
26 29 0
41 33 0
15 34 0
44 41 0
45 13 0
33 31 0
20 11 0
20 26 0
45 5 0
42 24 0
28 17 0
20 25 0
29 4 0
25 46 0
16 18 0
3 26 0
27 3 0
32 28 0
22 7 0
34 14 0
4 45 0
16 31 0
32 3 0
45 44 0
43 50 0
18 11 0
6 40 0
15 42 0
22 7 0
23 41 0
38 39 0
34 6 0
37 36 0
37 31 0
18 15 0
27 35 0
6 38 0
35 14 0
18 22 0
17 35 0
14 43 0
7 38 0
27 8 0
49 35 0
37 35 0
31 32 0
8 28 0
34 33 0
18 39 0
13 39 0
37 13 0
37 41 0
22 19 0
31 22 0
35 43 0
41 29 0
10 35 0
30 43 0
35 10 0
12 16 0
44 28 0
6 2 0
16 16 0
46 16 0
32 35 0
11 40 0
15 32 0
17 40 0
50 41 0
38 39 0
38 44 0
50 6 0
12 31 0
6 43 0
47 14 0
37 1 0
40 6 0
31 27 0
16 27 0
33 18 0
37 4 0
37 16 0
1 45 0
23 43 0
20 28 0
9 12 0
23 24 0
46 27 0
44 3 0
29 45 0
4 14 0
43 15 0
20 37 0
16 25 0
22 8 0
22 35 0
19 26 0
14 39 0
50 27 0
47 9 0
17 29 0
1 31 0
7 42 0
47 7 0
2 20 0
20 10 0
39 16 0
50 5 0
14 4 0
1 18 0
2 17 0
38 11 0
37 8 0
47 35 0
9 17 0
8 22 0
9 12 0
14 34 0
15 43 0
31 23 0
23 8 0
18 22 0
1 28 0
27 20 0
4 11 0
31 43 0
41 41 0
41 13 0
33 49 0
20 22 0
30 20 0
49 1 0
34 22 0
24 12 0
35 33 0
45 47 0
38 40 0
35 11 0
28 19 0
23 36 0
2 20 0
15 29 0
8 12 0
41 8 0
49 38 0
6 21 0
30 7 0
33 15 0
10 34 0
24 11 0
32 25 0
50 42 0
11 18 0
23 35 0
12 22 0
46 4 0
34 33 0
35 29 0
46 37 0
13 4 0
11 37 0
10 18 0
25 5 0
23 31 0
29 30 0
3 24 0
30 38 0
29 18 0
34 47 0
24 26 0
9 2 0
1 26 0
47 15 0
9 39 0
11 15 0
12 11 0
20 42 0
14 14 0
3 4 0
28 35 0
31 47 0
38 18 0
5 32 0
45 40 0
38 34 0
21 2 0
15 4 0
8 49 0
27 14 0
6 6 0
41 44 0
38 1 0
14 30 0
3 1 0
44 47 0
7 10 0
49 34 0
1 34 0
17 40 0
16 39 0
16 12 0
44 13 0
10 8 0
36 28 0
49 13 0
22 3 0
14 44 0
3 13 0
10 8 0
25 48 0
40 32 0
26 43 0
47 7 0
36 31 0
16 38 0
1 44 0
34 28 0
44 48 0
16 20 0
1 5 0
18 19 0
25 23 0
42 39 0
33 28 0
36 2 0
38 23 0
2 25 0
24 18 0
21 39 0
1 3 0
14 35 0
4 36 0
19 41 0
17 6 0
23 13 0
50 35 0
46 40 0
44 34 0
44 48 0
43 13 0
24 33 0
9 41 0
43 17 0
26 42 0
50 3 0
4 24 0
5 31 0
37 46 0
37 25 0
44 30 0
40 28 0
35 26 0
25 22 0
8 27 0
30 10 0
44 40 0
35 6 0
12 41 0
50 3 0
36 24 0
23 12 0
18 13 0
50 40 0
22 22 0
30 47 0
25 39 0
18 30 0
17 48 0
35 35 0
4 33 0
15 17 0
21 27 0
31 20 0
36 34 0
38 46 0
26 34 0
4 24 0
2 29 0
34 27 0
9 31 0
3 6 0
48 7 0
46 49 0
1 6 0
18 17 0
22 11 0
30 8 0
22 49 0
13 41 0
43 11 0
23 22 0
31 35 0
20 42 0
13 12 0
18 39 0
13 30 0
47 49 0
19 25 0
3 7 0
22 33 0
28 32 0
1 40 0
19 7 0
28 6 0
48 42 0
31 14 0
5 35 0
15 46 0
1 12 0
34 13 0
32 12 0
1 32 0
7 45 0
11 20 0
43 4 0
25 1 0
27 12 0
2 3 0
18 22 0
48 17 0
36 12 0
47 22 0
4 20 0
49 44 0
46 23 0
12 48 0
11 11 0
23 34 0
50 30 0
38 22 0
7 4 0
8 32 0
5 18 0
48 2 0
8 18 0
10 37 0
28 9 0
22 27 0
11 26 0
28 5 0
41 4 0
43 13 0
11 5 0
49 9 0
24 47 0
3 40 0
15 35 0
18 25 0
27 23 0
15 30 0
42 32 0
35 11 0
44 16 0
38 8 0
42 7 0
25 45 0
5 15 0
6 7 0
34 4 0
41 3 0
3 13 0
26 44 0
25 2 0
27 43 0
3 37 0
44 21 0
19 6 0
47 22 0
21 23 0
42 18 0
49 50 0
48 34 0
9 32 0
17 29 0
41 24 0
7 22 0
44 6 0
25 25 0
6 18 0
26 34 0
33 43 0
37 35 0
26 47 0
30 2 0
46 41 0
33 8 0
14 40 0
15 3 0
50 42 0
47 12 0
24 23 0
