100 100 0 10
96 34 349
42 9 7956
45 84 6472
66 23 9047
90 32 6545
55 60 9855
85 72 171
62 84 7126
18 22 8521
83 92 9308
80 97 714
15 21 9624
14 86 5014
50 100 9444
37 12 8275
60 83 5283
64 51 5967
89 21 1278
25 13 5705
39 70 4496
39 86 765
88 48 2736
44 95 3043
33 66 2586
86 57 5235
62 4 1081
80 54 5014
40 63 6640
67 34 7142
34 10 3174
17 92 94
20 28 643
42 51 6139
83 82 2834
99 8 8255
55 73 1970
5 37 3865
94 57 1214
43 99 3757
43 96 8820
99 23 9469
14 53 9626
9 76 3553
64 97 9176
60 34 2699
6 63 3018
30 71 2554
10 63 3926
46 98 8464
66 47 6072
89 14 6770
70 49 4992
44 100 7243
79 58 9601
87 29 3347
22 99 7744
35 95 9944
10 70 9612
93 49 6151
62 45 5024
19 73 6107
28 57 2190
11 99 9980
78 82 5448
30 88 6320
34 18 8980
61 48 4692
88 93 8294
79 30 8204
72 99 3915
87 77 4365
19 28 3383
33 81 5043
31 35 1454
59 44 712
59 39 8847
26 73 2624
85 42 6065
2 35 6730
67 28 27
99 48 2014
43 36 3467
26 91 4508
88 44 5122
42 75 6634
19 50 7508
59 61 4247
9 60 1745
53 38 7236
82 96 1499
97 76 6751
47 81 5355
17 55 8017
70 20 8690
80 53 4511
90 6 5698
69 58 7495
82 26 6473
30 58 491
36 31 7633
69 60 0
98 97 0
67 66 0
5 71 0
88 40 0
52 55 0
22 63 0
75 12 0
32 96 0
80 34 0
