100 1000 5 10000
97 23 526668
41 98 992900
3 99 101512
52 28 940791
29 87 491228
75 53 944977
20 56 677453
75 6 746236
100 65 226571
85 73 938223
87 32 465991
45 77 929375
31 95 22451
29 3 365121
67 72 780035
50 22 388872
60 85 759072
70 12 465769
8 22 20151
94 51 752359
86 53 902990
71 67 403829
98 73 148254
92 57 488009
62 98 469760
6 60 321791
28 52 108169
51 42 737553
46 92 749577
61 85 338817
70 3 528749
10 20 424570
40 76 513856
4 79 25237
10 42 436165
95 22 960714
45 51 581661
59 89 590407
90 55 673323
98 62 932808
90 52 27679
95 48 464231
18 57 187469
94 73 452427
71 45 160727
30 68 764994
40 96 543673
56 25 495780
70 68 564288
57 14 368959
45 44 833177
77 58 386304
87 72 170274
44 19 925166
19 31 844052
60 14 968113
64 42 952942
99 17 81185
70 41 935303
83 87 565270
47 7 118088
54 24 770489
57 98 320112
91 40 733305
75 23 488101
55 76 547293
29 5 486349
21 81 849043
95 37 951866
17 47 173790
80 23 906817
21 25 201314
50 24 444271
80 88 552827
45 23 782751
75 48 848543
52 48 597873
40 3 783133
68 74 351940
12 53 766086
11 65 701376
21 20 165066
8 39 487590
42 22 551009
23 1 834974
60 74 914318
81 63 503817
88 2 314548
1 81 676276
1 86 905338
85 69 146499
80 40 504311
38 93 257625
77 20 978876
29 86 868081
92 77 144504
49 60 619440
77 74 793083
41 9 497838
39 42 11563
89 93 401896
59 51 251446
7 40 609821
5 58 865080
34 29 667101
25 4 767659
68 50 550158
93 20 298068
90 71 497709
24 22 735500
91 41 414971
42 16 367012
45 52 23911
78 33 412713
46 67 585667
54 21 123230
24 36 369475
57 38 932727
87 88 588679
17 53 523640
5 50 244514
93 56 942273
13 48 616221
76 51 295627
30 60 444030
83 55 374229
56 43 892539
50 64 247414
51 3 26029
24 50 702919
42 98 550455
63 27 973698
28 85 634622
96 30 141579
56 27 66376
99 66 271936
70 4 952752
97 56 24108
80 60 324388
53 51 206535
34 53 94702
91 22 115709
62 40 859209
53 93 452383
96 78 326870
85 2 241932
92 17 961114
16 26 647040
69 52 623704
71 28 549514
77 48 280010
29 24 25722
17 12 551734
5 51 923596
58 23 45884
88 97 400647
51 98 874564
84 3 762015
82 91 333236
36 15 555079
48 35 58359
62 4 718624
39 63 867180
14 49 944453
20 15 745449
68 35 737387
58 94 682133
73 18 249312
54 7 191031
3 48 540545
18 85 471041
100 6 412078
17 1 697479
74 96 278841
60 26 844232
36 94 895274
15 71 110927
58 10 989319
60 1 258982
27 13 159025
58 16 232174
37 79 721245
83 95 302081
16 80 571927
15 61 862304
15 21 886552
38 91 882392
87 86 862303
67 78 207058
25 15 446717
66 21 778159
32 91 855360
8 44 410862
52 63 555487
37 36 535526
12 15 39614
92 8 410597
19 39 442311
66 13 306042
84 38 988177
85 91 425616
49 5 204331
10 81 484659
16 83 973192
12 6 988596
1 46 574406
34 14 19740
74 48 433795
56 44 306986
16 45 522083
11 44 990006
14 82 71
42 35 972015
84 70 626762
44 89 579368
83 8 630979
85 66 330429
31 50 988205
46 16 337785
3 56 358615
53 85 796091
40 65 729759
58 100 767031
81 91 463748
94 7 352202
97 11 947614
28 60 900310
91 72 169992
15 67 993274
43 19 461403
80 83 970082
12 36 267439
93 51 999428
37 26 961032
39 7 761255
3 46 295694
47 20 941645
42 5 64307
10 89 867006
36 54 714639
25 18 84001
59 37 990247
49 75 99367
79 34 903388
30 80 779220
99 88 415661
76 27 651752
69 57 593229
14 65 960837
1 99 796132
67 19 401530
46 73 228339
24 87 962459
56 73 865926
86 33 100090
11 25 861868
7 37 285719
30 19 970475
19 17 987066
34 33 4833
55 64 774581
99 30 760542
34 25 798112
43 34 833612
98 4 967009
81 9 786990
74 39 322912
5 80 884463
28 57 434859
82 92 536606
18 23 876432
64 19 561213
98 72 743839
38 18 406169
8 93 36214
1 64 282882
46 35 273997
54 86 505111
20 9 676100
40 30 652689
49 98 682262
72 24 295877
53 6 191751
38 96 700972
83 62 566480
59 93 547336
35 21 543385
63 91 287159
82 53 723177
71 40 426709
38 88 437750
79 44 935795
73 65 878994
2 35 37770
77 63 820680
45 68 479218
36 39 68994
65 16 775010
96 48 305647
62 88 978391
41 39 673368
97 94 743159
89 3 661403
18 6 132561
16 5 554265
80 85 229548
81 51 633896
36 5 465605
25 13 591064
85 28 369281
25 38 340962
31 56 600537
17 10 59388
72 85 524542
66 57 674606
57 35 226865
87 77 79630
20 78 457943
45 92 28508
53 61 53451
38 1 780607
11 30 80260
86 45 935939
10 96 982672
30 48 920867
52 32 223331
33 79 42485
19 73 96401
47 99 9288
98 19 641474
63 19 664599
32 40 130377
21 68 484146
11 37 655580
20 69 876074
79 21 413190
81 90 25329
65 64 125477
10 87 30967
51 86 474775
53 84 554714
67 71 757685
26 39 456596
9 100 573370
45 26 865996
30 78 423211
85 35 988946
46 9 659358
5 34 531496
25 74 932559
68 38 95218
76 1 316177
26 90 21680
82 4 477885
60 92 961916
22 2 184623
11 31 888354
78 14 220548
54 4 744410
56 79 647660
36 37 869586
46 12 720132
27 47 944997
66 67 137709
53 47 304663
61 70 805896
81 52 487034
47 61 78184
83 24 381109
55 48 740432
85 76 849481
23 52 339572
62 41 700129
82 85 396737
15 73 639149
59 4 921280
44 52 263876
63 7 509911
61 94 219392
38 31 938786
61 21 483334
47 38 840845
28 55 638812
12 76 956572
69 75 433957
67 69 942736
33 55 455993
72 7 31342
1 41 316198
17 4 943227
38 30 397656
84 42 878419
85 41 473582
24 37 495948
57 9 581796
25 23 400032
4 86 107798
43 75 893464
41 92 916745
30 99 226236
19 25 604687
63 53 6949
38 47 348977
72 68 923476
44 4 621123
43 45 997878
9 25 415206
64 57 275181
73 41 72332
28 21 544920
20 87 519678
59 29 738224
89 49 854110
32 3 649163
27 89 752828
34 26 516614
6 57 900922
60 23 684684
79 51 564794
99 76 141967
14 64 579978
5 87 47479
71 15 638115
25 53 351248
57 36 2732
37 81 826241
97 25 854145
68 57 96933
16 51 243345
96 92 115652
47 1 635780
13 75 190225
47 94 230477
62 100 718313
48 8 54967
65 34 575128
69 55 937285
67 3 12770
49 67 403425
77 78 616603
34 10 284940
20 97 295338
86 88 345332
80 22 70349
5 78 165710
88 59 170101
83 69 574539
52 98 329585
58 82 914330
98 43 239822
85 42 418727
14 87 781192
88 16 739087
79 16 950745
83 40 424783
9 2 52237
90 68 640661
95 72 432964
47 80 523232
57 52 967588
38 29 936407
17 25 341867
11 28 304127
50 52 296113
30 100 197985
63 48 209294
87 11 578473
19 6 986870
12 65 742526
83 42 104799
61 5 826565
17 23 87224
31 29 906943
63 62 3056
66 81 936305
17 30 521995
60 65 978398
91 54 498661
58 64 763492
80 90 420122
76 11 912802
46 87 873504
66 98 698026
1 95 167565
95 94 1556
71 92 846875
29 12 587821
91 71 110070
18 73 692034
92 63 542421
6 44 53838
9 39 278750
18 58 569182
23 2 454519
53 15 74828
67 86 319728
14 96 820356
32 30 258306
37 4 11502
4 97 899824
77 65 184249
64 45 631860
20 47 588773
39 51 753786
44 90 937475
61 90 668136
63 100 24793
36 27 901671
55 75 507913
59 83 708585
25 52 551077
10 9 252756
68 80 876280
71 14 573529
76 63 93319
26 96 936039
67 46 816803
6 69 867225
38 24 967386
68 79 451230
29 47 711966
50 88 473550
40 32 359997
2 1 493655
50 74 977102
52 82 359704
53 81 818159
75 39 317321
32 42 777754
97 85 144074
30 77 580917
22 60 20781
78 4 440116
38 27 568352
50 35 493244
45 1 56498
64 14 503693
11 14 383663
60 51 510293
84 63 295180
42 24 748361
82 43 488139
79 94 794877
5 70 119529
75 83 979091
4 25 318070
91 36 928545
58 51 288355
7 30 848315
27 5 984063
91 17 234597
38 79 574130
70 88 94387
58 4 653523
4 19 924646
94 74 26031
22 1 517084
47 60 379705
44 14 311278
29 31 500512
68 43 632768
72 88 17983
100 99 486807
34 36 885560
95 40 690153
3 93 350508
74 25 340954
24 47 292448
22 66 438404
8 16 707964
10 90 199999
27 78 998693
54 88 471055
79 19 400690
47 22 999686
56 17 803519
69 37 599450
40 89 640908
46 25 139121
76 29 448240
2 85 746560
76 67 380369
54 100 741630
72 58 459104
57 66 565496
46 83 928683
52 75 246322
28 43 400072
81 10 604919
29 4 248145
68 95 366905
31 18 111458
6 96 440321
69 46 158058
49 10 139166
93 18 55543
46 47 208255
45 28 342023
75 26 440758
95 63 416632
94 14 423079
53 42 635701
63 15 787111
33 44 738086
35 2 701786
58 44 995395
51 23 879263
26 14 438040
35 45 651678
28 80 94457
51 55 930367
32 39 100279
16 49 473466
69 74 317743
99 36 99843
43 76 613934
63 81 502553
28 26 775203
72 56 797922
81 84 338959
83 89 510428
30 92 218264
67 82 566183
93 1 836872
7 49 654747
80 5 7598
16 35 943440
88 55 756260
74 40 427161
55 37 10494
51 25 163036
6 81 819516
90 16 778794
90 65 636101
35 92 346732
15 79 891002
47 19 219988
55 68 121207
3 29 651338
40 13 798281
7 25 616951
48 49 202696
37 72 82770
58 85 469995
86 52 487484
79 87 381552
77 94 889243
98 96 243026
40 21 30755
85 26 358152
7 38 541736
62 28 508378
53 43 70819
82 33 817342
44 18 857680
9 42 843072
84 95 586533
48 99 584904
83 81 602738
55 12 122977
4 2 93829
5 46 843926
18 77 372617
45 82 720404
20 71 728353
83 66 983463
12 88 932636
32 93 400597
52 92 558779
13 42 372330
8 48 501670
75 98 360349
43 30 820367
37 43 415243
63 37 977756
1 62 694791
91 65 799266
92 21 796832
42 6 441239
3 70 60581
93 30 192538
31 15 643294
78 61 290829
26 99 65179
54 89 33136
50 47 725746
96 4 18165
66 51 285726
86 69 543569
85 31 24628
25 96 578460
64 87 145260
71 44 796181
88 43 92713
51 18 786771
52 64 432079
75 92 748017
69 97 314810
31 24 40081
79 97 497939
16 62 53494
33 38 620074
34 6 791084
50 69 808605
5 86 328477
73 24 699540
82 61 811461
45 47 651268
22 40 922590
61 27 705160
25 45 656253
54 53 208856
1 87 783408
84 68 134878
70 58 19032
61 74 997540
58 78 431581
60 18 790404
5 10 839771
76 73 938475
60 99 294465
80 84 792726
13 86 530130
81 40 249339
69 71 4588
68 85 978084
4 80 483997
11 66 623064
16 67 566827
7 2 94835
56 89 546141
79 18 8091
13 47 796875
36 20 641104
31 88 693705
73 58 141553
27 9 669935
42 95 798667
25 2 235271
23 51 296073
52 67 400425
76 62 710475
95 76 995327
24 90 100474
55 19 337200
78 86 402080
49 9 730604
78 43 893020
10 48 93612
27 65 420360
99 21 175687
39 10 455134
37 60 561891
8 100 98265
50 80 862735
19 22 773267
62 86 273540
77 44 967350
26 83 207452
99 5 192248
82 100 972712
54 82 928200
21 89 779861
64 13 959651
15 38 810708
30 11 91144
31 65 659422
11 94 834869
59 66 654041
84 53 924324
69 32 168424
82 1 312591
49 47 369830
21 27 989088
68 91 890857
57 47 251549
90 48 979537
12 56 538438
64 96 283004
82 67 124014
20 63 430364
16 97 14205
56 3 772739
27 58 707098
61 65 757944
72 78 439530
8 56 777905
54 6 901034
78 47 723990
51 7 58087
32 100 87968
80 48 150276
20 46 810950
14 60 577771
74 15 237347
85 84 477941
61 41 783691
37 96 516808
99 33 214479
70 79 101209
77 90 961060
17 20 589556
22 53 935236
20 98 947802
6 3 964462
15 74 221813
49 78 395860
57 55 656225
45 56 140710
91 35 288427
17 41 503669
90 39 304283
28 22 508470
70 7 237514
57 60 385506
23 39 166187
84 51 882918
92 9 540771
86 81 743662
18 4 906106
26 27 968530
82 19 195971
89 26 392333
36 52 100631
48 78 67275
74 20 465066
90 20 338017
27 67 112832
44 29 457332
84 43 515905
82 87 938162
4 67 261185
42 20 307334
9 96 956304
71 48 933156
21 42 286506
2 76 348114
96 15 588600
43 2 130111
25 100 103947
92 42 701462
81 100 252044
30 18 439173
4 21 4835
63 80 307937
23 26 458853
50 66 875070
31 46 996052
37 29 643794
25 82 554795
92 62 184708
27 46 307255
45 18 778214
28 58 370653
97 40 814172
25 39 582815
97 90 681078
32 70 818545
87 15 545359
14 24 487586
25 27 967205
69 42 50466
26 80 293912
22 7 963540
4 39 227730
90 58 507956
15 25 587762
57 19 699009
69 30 621284
33 39 502661
52 90 337488
51 62 789253
79 54 252763
58 87 684268
54 51 206216
4 9 956934
40 62 268555
59 40 262698
64 5 212379
33 25 289997
57 27 180210
2 62 348942
76 57 334268
36 85 155831
14 51 158242
71 66 359363
61 3 314163
96 70 508587
79 1 727936
93 3 756006
14 25 512570
68 54 588672
71 13 877420
67 12 23709
3 12 422110
56 77 811394
24 63 644526
23 62 324093
48 93 25610
69 78 67170
21 34 348487
4 43 31343
36 100 199661
79 63 672787
40 5 46899
4 75 438846
29 43 185782
89 45 765677
22 28 620571
10 67 30201
97 42 608647
89 11 29834
54 92 832237
5 79 520643
82 16 33806
83 31 259921
43 41 472590
24 31 50658
5 43 20969
26 94 970405
89 67 293172
39 44 327058
3 53 200803
82 54 260864
16 37 143540
10 76 561028
84 62 433628
14 84 965574
15 89 487197
94 15 815414
9 5 86615
59 94 645489
98 91 681207
91 84 824080
96 52 817166
75 95 523760
43 97 305748
30 5 712562
68 15 15258
56 49 686507
60 22 953105
83 16 705002
51 85 858081
70 63 955891
90 49 801598
86 42 466298
57 22 815550
87 98 109267
63 54 749607
75 57 449632
22 49 110964
9 24 951714
27 31 845444
7 21 334068
55 31 559017
4 98 260959
85 30 515484
16 87 611946
99 6 697085
26 7 658806
92 70 686140
18 34 913831
74 30 899928
46 95 816462
15 19 704745
84 75 675206
5 72 867703
18 81 617919
48 16 777913
73 53 601399
50 37 592041
84 12 264157
61 8 536467
85 97 513276
79 77 620451
17 2 761166
72 36 945684
26 66 961602
77 68 306499
95 17 89961
46 26 386831
59 32 147211
43 21 716240
19 86 237184
65 14 682781
27 53 187273
45 54 572233
19 15 529068
38 19 439738
87 45 771793
87 36 316107
11 43 551601
60 88 548039
55 24 897208
21 96 384504
50 87 70265
27 8 581295
52 54 447816
96 14 443570
66 20 309350
1 50 4
88 52 3
4 29 5
75 71 3
63 98 2
36 95 1
8 9 1
40 7 2
88 67 5
22 92 3
43 6 4
69 78 0
56 38 0
49 52 5
83 36 2
21 89 0
16 11 4
2 25 5
90 73 1
3 37 2
69 30 0
97 49 3
96 50 5
28 75 5
73 53 4
69 90 3
44 47 4
83 96 1
81 96 2
99 70 0
43 24 5
36 67 4
24 3 2
63 61 0
92 25 0
50 66 1
90 65 0
70 81 1
45 24 2
6 82 2
10 95 5
30 58 5
96 73 5
83 9 4
29 46 3
53 79 2
78 67 1
89 12 5
49 4 5
27 95 1
64 54 1
52 79 1
92 40 2
81 24 5
11 39 5
63 57 1
52 76 2
37 80 2
86 37 4
75 59 5
8 36 5
62 55 0
5 24 1
6 30 5
54 74 1
80 4 4
31 5 1
14 36 3
71 35 3
96 23 0
48 73 2
9 57 0
32 36 3
22 14 5
18 5 3
87 12 2
97 66 0
58 67 1
54 99 1
55 79 2
90 62 0
93 80 5
63 39 0
89 96 0
73 86 0
85 31 4
54 53 0
87 74 5
82 51 4
62 90 2
14 90 2
43 42 4
36 59 0
28 72 0
72 83 5
2 68 3
64 68 4
49 86 2
24 99 1
23 11 1
49 31 5
74 19 3
93 79 5
62 36 3
65 80 2
52 10 2
49 2 2
97 18 1
60 40 4
35 28 4
71 49 4
30 18 1
83 77 4
90 9 1
94 22 0
45 44 3
56 30 2
54 81 1
91 79 2
86 54 4
78 96 5
86 69 4
95 41 0
64 73 0
93 23 3
75 25 0
41 8 4
36 17 1
70 91 4
79 16 1
34 34 1
99 86 1
28 45 3
42 76 1
4 34 3
49 94 4
45 92 2
49 3 2
77 13 2
64 52 2
7 28 4
42 54 3
26 15 3
69 49 5
54 24 2
24 90 0
30 45 4
87 60 0
55 46 2
22 11 4
32 70 5
38 21 1
44 73 2
9 37 2
92 27 1
20 19 0
47 47 5
99 15 0
68 51 2
93 22 0
41 96 0
37 18 2
87 29 4
55 93 2
95 94 5
76 53 4
26 12 5
79 9 0
73 54 5
43 9 5
60 50 3
28 36 5
81 79 5
34 88 0
38 33 0
44 82 5
98 32 5
56 12 2
98 24 4
82 95 3
94 19 5
99 66 2
14 21 4
21 86 4
7 68 4
57 3 5
22 76 2
41 19 5
33 98 5
57 87 5
38 59 5
20 27 4
47 52 3
67 80 5
70 76 0
86 25 3
33 99 3
81 68 4
16 75 4
73 57 1
90 81 3
71 75 5
56 22 0
11 22 0
10 100 4
45 43 0
45 89 2
45 51 1
54 11 2
26 62 0
4 98 2
57 23 1
65 40 2
25 56 0
73 42 4
54 36 3
63 33 2
62 34 2
6 43 2
21 7 2
80 18 5
88 42 3
67 98 1
99 12 0
44 84 5
48 16 2
10 41 5
23 86 5
39 72 5
8 19 2
50 34 5
100 37 5
24 97 2
19 49 3
62 37 1
23 39 5
70 9 3
43 56 4
90 80 5
69 23 5
43 29 1
42 44 3
14 16 0
10 17 5
80 83 2
25 2 3
71 53 2
89 19 4
58 97 3
85 64 1
32 67 0
77 18 0
63 66 2
98 20 4
95 21 4
33 12 2
96 60 1
25 30 1
57 20 2
64 58 4
88 86 1
23 62 2
34 73 1
84 20 3
22 83 1
15 13 5
7 28 0
83 11 5
91 78 4
46 69 4
12 98 3
33 2 0
51 67 0
43 6 3
74 93 0
13 68 3
70 74 1
40 84 2
54 66 4
18 7 2
8 26 0
58 1 0
88 18 4
74 91 2
71 55 5
29 95 4
54 91 2
82 32 1
85 15 3
68 26 0
35 63 5
8 85 1
79 15 1
85 100 4
60 82 1
58 74 2
50 66 4
75 62 0
65 4 0
57 13 4
30 10 2
24 78 2
33 23 3
22 59 4
34 90 2
43 4 2
13 72 2
26 67 1
74 80 1
33 62 4
94 58 1
69 66 1
42 47 3
47 1 0
85 98 0
10 17 5
99 77 0
19 94 0
26 2 1
16 34 5
21 75 4
59 98 4
62 76 2
54 58 1
27 43 5
86 21 4
74 58 5
68 25 5
87 57 5
97 5 3
14 58 5
26 28 1
91 3 4
14 68 1
13 74 5
73 92 5
3 83 2
64 54 4
51 94 2
94 26 0
53 47 0
73 78 4
58 27 1
98 26 3
92 79 2
1 94 3
56 64 1
34 74 0
42 35 5
96 44 0
70 20 2
13 10 3
57 81 5
95 82 1
31 93 1
63 24 4
61 93 5
89 32 0
95 23 1
32 82 2
73 2 5
63 13 3
13 73 1
68 26 4
27 31 2
9 32 1
6 63 4
57 63 5
56 60 1
41 49 5
20 32 5
71 49 2
38 58 4
29 44 4
56 77 4
54 90 1
85 22 3
23 100 4
85 78 3
96 95 1
86 63 2
74 4 0
82 37 2
98 63 1
51 67 2
11 51 2
90 27 3
90 29 4
29 18 1
54 74 0
27 13 0
44 17 2
50 14 2
15 91 1
37 3 0
74 13 3
60 27 1
57 17 1
5 7 4
9 97 3
17 31 5
100 34 5
84 34 5
73 97 0
93 88 3
36 36 5
68 82 2
74 57 5
45 40 2
7 74 0
54 20 0
96 50 5
10 70 0
3 47 4
95 58 0
17 64 4
7 45 3
78 1 4
45 24 5
48 55 5
87 24 1
50 29 2
82 85 5
66 37 3
14 49 0
2 43 1
48 85 5
65 74 3
69 29 4
32 23 1
52 83 5
95 92 5
35 3 1
73 8 2
5 10 3
76 27 4
77 88 2
49 62 4
81 19 5
7 48 0
43 57 3
66 53 5
6 65 0
77 13 5
31 72 4
50 35 2
60 8 1
60 38 2
35 72 5
29 20 4
97 81 5
41 31 3
16 4 0
28 52 4
10 10 3
91 65 3
83 67 5
64 70 1
53 82 3
19 70 3
68 92 0
69 63 4
53 8 3
58 68 3
60 26 1
32 31 3
64 17 1
85 23 5
51 63 5
7 63 3
50 24 0
65 7 1
56 15 4
37 88 1
63 22 2
47 26 2
2 53 0
19 59 5
6 34 4
43 51 2
64 54 1
73 23 5
45 59 0
12 59 1
46 76 0
36 3 0
11 82 5
87 2 5
57 16 5
47 18 1
13 100 2
48 87 5
19 21 0
20 83 5
32 6 1
90 33 2
96 12 5
49 4 2
74 53 2
8 15 2
28 2 5
94 46 5
49 91 3
30 76 1
99 15 3
65 34 0
22 85 5
66 20 4
45 87 1
65 86 5
72 93 4
80 46 0
96 93 5
44 76 2
75 60 5
56 3 1
54 74 2
14 33 0
29 85 1
20 19 1
97 41 5
37 97 2
21 95 5
15 34 2
29 71 4
94 79 2
71 33 0
68 43 4
48 5 5
66 21 0
85 46 2
80 47 2
74 12 2
92 55 4
24 7 1
47 30 3
28 92 0
78 67 4
16 80 1
26 37 2
79 41 2
90 76 0
52 28 0
93 38 2
21 52 3
4 25 5
56 14 5
62 75 1
28 81 2
99 41 0
12 94 1
37 35 0
22 33 2
22 97 4
40 86 2
51 32 0
26 20 3
53 34 1
61 24 4
41 69 2
53 71 2
36 57 0
42 65 0
17 23 2
3 4 3
15 34 4
70 77 5
73 94 2
43 92 3
29 50 0
50 99 4
85 34 3
60 56 5
48 12 0
100 58 3
2 50 1
56 66 2
67 13 2
26 21 2
12 18 3
20 49 0
32 41 2
88 98 0
71 79 3
17 71 2
89 44 5
93 63 3
5 4 4
59 36 5
64 16 5
59 36 0
81 36 1
43 15 1
30 62 1
69 52 4
7 91 0
55 19 2
25 37 4
24 25 3
49 22 5
90 15 5
48 90 3
53 74 2
88 91 0
79 41 1
32 10 4
30 39 5
48 12 5
48 84 0
25 99 3
20 2 0
48 57 3
31 50 1
51 37 1
84 13 4
25 2 3
38 1 1
1 78 4
99 12 1
71 34 2
71 50 3
48 80 1
54 51 0
100 87 3
38 30 1
6 23 1
69 7 4
99 21 2
68 5 5
20 99 1
65 67 1
58 50 1
100 61 4
63 67 4
81 32 2
39 17 3
46 67 4
78 75 2
9 81 3
88 3 1
100 11 4
46 67 2
67 99 0
15 89 2
100 69 3
9 52 2
36 82 2
51 33 0
74 2 3
45 45 3
67 64 5
5 7 1
94 17 4
73 45 4
14 77 0
76 70 0
25 39 1
2 13 5
66 85 5
41 63 2
86 17 4
76 6 3
75 25 0
99 56 0
99 27 5
74 96 2
69 66 5
60 6 5
18 59 2
27 21 2
22 24 5
87 61 5
37 57 2
8 86 0
74 90 5
98 25 1
25 98 4
39 49 1
12 21 1
44 94 4
90 53 2
22 18 1
78 55 2
97 2 2
12 25 5
83 60 4
34 35 0
10 95 5
20 47 0
42 33 5
80 71 2
18 3 1
45 72 2
33 18 4
51 27 5
33 12 4
47 48 4
39 90 0
95 67 0
29 34 1
59 3 3
100 37 0
5 18 1
33 81 1
46 81 5
43 12 0
91 54 3
22 99 3
60 25 2
56 7 3
89 98 1
41 77 0
38 15 2
97 87 4
26 73 3
81 90 5
66 82 2
8 81 0
94 13 0
15 47 5
53 84 5
49 54 5
71 87 4
42 86 3
24 12 5
29 37 0
89 43 2
29 53 0
14 79 1
18 13 0
15 50 1
4 78 1
72 98 0
36 66 4
43 17 4
80 32 1
68 39 5
73 47 4
11 40 0
71 21 4
40 2 5
16 9 4
62 24 0
95 82 4
51 89 2
15 13 1
96 87 1
91 20 0
77 2 2
12 85 3
98 77 2
15 91 5
2 94 4
40 17 0
74 73 1
99 80 4
75 20 3
77 59 4
51 60 3
41 7 2
45 31 0
38 50 4
30 97 0
79 17 2
28 88 0
48 21 5
45 67 0
58 78 4
36 57 5
85 60 4
36 70 4
38 29 1
84 32 0
76 92 0
64 53 0
61 81 0
32 94 3
2 97 5
60 66 2
82 11 0
14 35 1
87 92 0
50 34 3
34 66 1
20 4 3
53 79 3
47 12 0
84 90 4
88 40 3
3 50 3
100 4 5
94 63 1
87 51 4
52 40 0
97 24 5
70 17 5
26 57 4
16 5 4
25 68 1
83 100 3
72 44 2
53 65 2
20 50 5
70 90 4
46 99 1
18 94 4
58 56 5
78 33 1
57 20 5
67 22 1
37 78 1
73 67 1
33 95 1
32 67 4
86 13 4
78 33 4
73 46 0
77 83 4
18 59 4
94 40 4
21 1 0
29 60 5
4 22 3
55 55 5
54 75 0
69 5 0
18 90 3
96 6 1
98 40 2
49 19 3
31 26 5
88 87 3
97 12 0
18 80 5
99 85 2
98 94 5
1 55 0
60 44 2
87 33 1
94 92 2
85 98 4
90 69 3
97 27 4
7 86 2
80 82 1
19 80 5
90 6 4
62 10 2
27 99 3
36 11 0
45 8 1
73 83 0
16 47 2
46 96 5
32 46 3
78 93 2
36 78 0
100 78 4
75 6 0
73 48 4
82 85 4
19 67 4
28 20 3
94 20 5
94 39 3
21 80 5
33 16 4
66 86 5
57 15 2
6 46 1
54 69 0
88 85 2
90 45 5
73 62 4
25 76 1
11 12 2
35 30 4
13 57 4
84 33 5
33 89 0
85 26 5
47 62 0
73 63 5
58 19 4
85 47 4
23 60 3
31 98 2
74 39 0
8 34 3
95 41 2
99 11 0
14 49 0
28 2 3
87 98 3
64 98 3
23 13 0
85 50 1
33 35 5
59 73 3
36 28 2
76 90 5
25 67 2
43 7 2
92 54 2
8 32 4
70 79 4
16 78 4
6 13 5
85 57 2
77 50 0
3 36 0
85 65 1
76 91 5
92 41 2
73 74 4
27 8 1
77 10 5
8 55 5
39 81 4
33 19 5
77 97 3
63 18 3
90 16 5
42 34 2
48 77 1
20 57 0
40 20 2
57 5 3
95 7 4
62 57 2
73 34 2
75 84 3
76 26 0
78 91 3
94 85 4
7 25 2
74 68 3
80 99 2
37 65 2
82 43 4
93 91 4
26 91 3
37 28 5
17 18 4
39 36 1
6 37 4
59 72 0
99 26 4
12 21 0
61 98 5
44 27 4
37 9 0
55 27 1
87 8 5
24 97 2
16 63 2
18 75 2
76 71 3
94 25 1
10 63 3
90 61 5
28 26 3
3 46 2
41 10 5
93 64 1
50 79 4
74 21 5
80 7 2
31 5 1
99 81 5
64 18 1
97 35 4
85 75 2
56 70 1
2 27 4
24 40 0
83 35 2
47 50 1
75 99 3
82 26 0
56 75 3
89 99 0
14 69 0
30 60 1
13 24 3
14 37 2
18 35 4
34 23 2
31 53 0
89 57 2
69 16 2
32 44 4
91 32 0
76 26 0
64 16 4
6 47 3
6 73 1
99 71 0
7 71 4
60 95 1
35 13 3
84 27 4
80 48 0
50 91 5
50 14 3
71 1 1
21 25 0
39 12 2
26 48 5
48 42 3
92 9 0
26 46 0
23 98 5
1 96 0
43 65 2
14 51 0
10 51 1
89 38 0
88 98 1
5 31 3
52 6 3
9 52 0
43 45 1
70 88 3
97 2 2
43 10 2
20 64 0
1 13 2
99 72 0
44 28 1
47 58 0
10 29 1
83 19 0
37 27 5
75 79 0
44 42 2
69 86 0
89 74 3
29 20 1
99 98 5
74 5 1
43 25 1
90 2 4
25 24 5
29 52 0
78 35 1
16 31 3
55 72 0
98 71 4
90 3 3
45 83 2
23 36 1
82 17 3
55 91 2
14 38 4
66 70 0
91 14 1
40 87 2
17 71 3
19 64 2
78 21 0
1 83 2
4 74 2
65 75 1
7 48 4
47 56 5
88 93 0
46 46 3
18 88 5
36 78 2
30 44 3
99 85 2
46 82 4
86 95 2
4 100 2
41 72 4
94 70 5
75 34 0
35 31 0
53 57 0
82 75 3
57 33 1
66 91 5
98 78 4
54 28 5
51 26 2
92 97 2
93 39 2
69 25 3
52 8 3
28 56 1
91 65 5
32 74 3
12 32 4
47 88 2
31 63 3
37 55 0
49 83 5
79 17 0
79 10 3
23 25 5
35 83 3
46 15 2
53 42 3
92 92 3
54 98 3
19 92 1
29 97 0
53 8 5
24 8 0
34 25 2
58 97 0
29 3 5
20 49 0
58 9 0
13 77 2
55 30 5
77 5 2
53 23 1
14 16 5
82 65 0
9 15 3
63 89 4
18 35 5
67 2 5
17 28 5
64 16 2
81 84 2
56 28 5
20 78 3
26 11 3
62 89 1
15 61 0
65 45 3
31 96 0
35 92 1
77 40 2
82 94 4
65 34 3
32 25 1
1 69 5
86 92 5
79 47 0
52 58 2
37 88 1
76 31 2
44 71 0
96 33 0
99 48 0
82 14 0
13 2 2
33 48 0
60 57 4
67 79 4
32 68 3
59 98 2
30 37 2
16 78 3
53 83 5
59 87 2
33 34 0
31 93 0
13 72 4
35 99 1
43 23 3
2 77 4
79 34 0
33 14 2
1 96 4
33 54 0
26 8 3
55 30 5
62 44 1
40 23 2
88 7 0
40 100 5
91 97 3
85 73 5
31 64 0
69 65 5
60 75 0
48 87 2
60 97 5
48 64 0
60 55 1
16 49 4
87 73 0
62 37 4
67 28 3
48 44 2
25 91 2
6 50 1
94 42 5
46 35 0
40 21 2
31 21 2
71 72 5
86 57 0
51 69 0
13 98 1
88 30 1
87 19 3
94 19 3
63 12 1
23 46 4
13 8 3
54 89 4
58 85 2
55 55 3
74 11 3
37 54 1
60 82 5
47 91 2
85 52 2
45 49 1
46 57 0
79 99 1
16 69 0
99 78 4
22 23 4
91 80 2
42 8 1
53 78 5
92 73 1
72 42 1
4 71 5
61 56 0
67 63 5
81 69 1
77 85 0
65 13 1
98 63 1
43 42 5
5 50 4
11 55 3
85 67 0
13 22 5
50 67 3
45 19 0
76 76 4
71 27 2
35 14 5
2 24 3
13 46 4
66 23 3
95 22 1
7 58 2
16 25 2
74 58 1
54 65 1
93 21 4
96 4 4
10 29 3
33 27 2
55 71 4
85 56 1
46 44 1
51 50 5
10 20 0
20 67 0
52 39 5
27 82 2
76 37 0
87 58 0
34 91 3
6 4 1
56 33 5
49 31 1
33 25 2
79 20 4
86 83 4
58 95 4
83 92 4
68 41 1
4 86 1
68 24 2
50 59 2
70 13 4
28 97 1
86 73 3
10 7 2
47 14 4
60 82 2
50 36 3
15 46 2
46 61 1
4 3 5
67 14 2
49 60 2
36 66 5
81 27 5
83 64 4
21 72 2
59 19 3
59 94 5
89 13 3
16 18 5
39 3 3
16 61 3
41 75 0
46 16 5
22 12 3
52 85 4
83 88 4
14 33 0
76 83 4
77 15 2
80 32 3
27 54 3
1 48 2
100 21 4
32 26 5
45 99 2
81 12 2
91 72 5
21 11 3
48 34 1
22 92 5
15 71 5
56 53 4
10 84 1
79 65 0
76 49 2
63 12 1
67 22 3
44 27 4
92 52 3
33 56 4
14 67 4
99 24 5
92 9 4
38 98 0
92 60 0
99 8 2
98 67 1
16 52 1
70 80 0
57 43 3
78 97 5
62 23 2
19 88 5
9 6 1
54 11 4
6 63 1
8 61 2
66 42 3
99 28 2
4 56 2
90 41 1
66 29 5
64 21 5
2 49 3
7 90 4
56 21 1
58 4 5
39 26 4
86 50 1
18 97 0
67 78 2
28 19 2
99 62 0
89 66 4
10 98 5
58 94 3
53 100 2
32 38 2
64 68 1
41 69 4
82 2 5
65 45 3
71 25 4
78 6 5
23 15 0
23 40 3
31 64 0
29 91 5
24 77 4
43 16 1
54 44 4
87 49 0
42 41 4
87 69 5
42 39 2
97 12 3
62 90 0
75 34 5
40 99 0
89 27 3
66 85 0
74 16 1
99 42 3
44 4 0
88 6 0
54 45 2
29 41 4
76 50 3
60 91 0
95 85 3
60 19 5
45 9 0
12 42 1
71 41 2
3 44 5
42 95 5
20 23 4
50 49 3
65 30 3
24 59 3
33 37 1
62 11 3
28 62 4
70 23 0
92 67 4
68 25 0
50 30 2
78 84 5
96 11 5
6 90 2
76 41 2
99 45 1
70 49 5
61 65 4
96 90 0
70 16 2
48 57 3
49 62 1
84 18 1
100 49 2
32 37 4
95 11 1
62 80 5
81 2 4
59 49 4
27 80 5
64 52 4
55 100 2
92 40 5
62 82 0
49 40 0
4 4 5
85 66 4
54 75 3
72 81 2
6 49 2
85 88 1
87 69 5
50 32 4
75 84 3
54 64 0
38 36 4
12 69 0
51 97 5
8 27 5
2 83 0
23 22 4
20 30 4
91 72 1
8 98 1
59 21 3
97 20 4
57 22 2
37 67 1
97 57 4
47 6 3
98 52 4
8 54 1
66 49 0
3 71 0
16 54 5
49 62 5
73 15 3
6 43 0
21 2 2
24 68 4
99 10 4
7 37 1
79 4 3
62 67 3
9 4 1
93 58 0
13 59 2
44 83 3
21 52 2
19 51 3
69 39 4
4 75 0
54 60 2
27 93 3
46 81 5
38 63 3
42 6 0
90 9 5
75 64 0
5 74 3
75 7 5
6 17 2
37 89 2
76 44 3
79 69 5
72 35 5
16 90 2
3 2 3
15 64 1
50 86 2
67 26 4
86 35 0
20 16 2
13 98 3
24 83 0
79 15 1
63 38 4
18 62 2
70 82 5
23 53 4
46 14 2
15 87 5
29 75 5
49 92 5
87 5 5
64 28 3
75 70 0
57 28 0
49 94 2
55 80 1
49 32 3
27 92 0
12 50 0
27 88 3
59 56 3
62 63 4
82 90 0
23 19 3
47 18 0
94 30 2
61 4 1
4 8 2
65 72 0
85 70 3
10 48 5
19 93 3
44 20 2
34 19 1
43 66 2
27 60 3
43 33 0
40 5 4
88 59 3
50 71 0
55 95 3
57 80 3
85 86 2
62 60 0
81 30 5
14 59 5
95 31 0
76 88 2
78 74 2
8 4 5
41 60 0
62 91 3
63 31 2
36 39 0
59 69 2
14 88 0
93 84 4
51 20 3
69 57 2
21 39 2
70 89 5
62 9 5
73 50 0
9 97 5
97 60 4
71 80 2
25 59 4
84 9 4
19 85 0
48 88 1
72 18 1
17 6 1
47 100 2
46 61 4
84 84 4
55 13 2
37 53 1
62 13 2
10 19 5
79 81 0
24 15 1
93 78 2
14 42 1
57 94 3
21 64 5
83 72 3
92 40 3
96 66 3
26 31 1
16 3 4
33 56 5
5 96 4
74 94 4
57 83 4
37 92 2
88 39 4
39 80 4
74 93 4
53 11 0
69 80 1
74 74 0
68 32 1
98 25 4
22 91 3
54 84 4
84 30 1
61 35 2
92 70 1
16 70 4
78 39 0
38 45 1
11 77 0
39 66 2
89 33 3
58 25 2
61 96 5
63 37 5
51 61 0
85 78 5
52 28 5
20 91 3
91 19 1
86 48 3
34 80 2
87 75 5
29 82 3
75 94 4
26 53 4
92 97 2
47 13 4
78 10 3
73 92 2
36 37 0
95 14 3
34 85 4
65 44 5
88 27 5
49 79 2
89 27 1
64 76 2
48 52 1
49 45 3
20 56 3
1 89 4
12 81 4
47 86 0
8 97 0
41 17 2
33 31 4
48 33 0
21 41 5
33 32 4
49 39 5
94 82 3
94 53 2
73 72 3
98 37 1
96 12 2
65 39 1
14 87 2
12 37 1
20 69 2
34 97 1
10 60 0
19 75 0
92 39 1
87 32 3
32 24 5
42 75 0
18 91 1
12 52 3
9 15 3
63 32 5
63 65 2
87 4 3
75 97 5
82 23 3
58 27 1
9 53 4
51 49 1
38 92 1
58 61 0
1 97 0
48 36 0
56 79 5
55 44 3
60 58 4
17 95 4
29 23 2
16 46 1
94 28 0
16 69 1
75 22 0
29 3 1
97 8 3
71 33 4
58 93 5
41 57 5
23 73 1
63 82 3
73 93 2
46 43 3
99 100 2
64 89 4
41 33 5
63 88 3
55 94 5
2 98 2
36 18 4
44 82 2
11 64 4
20 94 1
80 50 4
1 60 2
1 20 0
21 100 5
57 99 0
13 47 0
95 19 0
98 65 2
81 23 5
64 73 4
38 42 2
24 54 0
24 13 2
29 83 0
42 67 3
61 37 0
59 47 2
89 87 5
58 99 0
88 51 1
43 59 3
17 15 0
85 37 3
56 48 4
92 93 1
87 54 0
44 63 0
41 92 0
97 87 3
51 53 4
80 1 2
10 92 4
4 40 0
57 78 4
66 54 5
92 90 5
83 36 2
5 32 3
83 37 0
37 60 5
62 84 4
98 39 2
81 38 5
42 19 4
18 81 1
9 50 0
59 82 0
55 26 0
16 47 3
90 69 5
43 83 4
23 98 0
47 65 0
77 19 4
25 77 2
92 90 5
39 27 5
33 78 1
54 81 5
53 8 5
93 21 5
27 44 3
89 88 0
58 84 1
29 77 1
54 10 0
63 75 4
64 23 3
72 5 4
41 31 3
12 22 3
99 66 4
49 74 4
95 6 5
42 74 3
55 92 3
11 49 0
4 48 5
22 49 0
98 46 2
100 40 1
67 88 2
59 41 4
1 64 2
7 60 1
2 20 1
48 27 3
4 7 3
70 25 5
53 81 1
59 68 4
68 42 2
4 65 4
90 79 2
72 97 3
19 27 1
50 13 3
79 97 1
80 88 3
6 8 1
28 89 3
8 78 2
65 27 3
10 87 3
38 65 1
88 79 0
89 5 2
63 41 0
57 9 3
35 21 4
32 50 2
50 48 0
100 5 4
79 66 2
6 12 2
63 89 3
92 47 1
92 55 3
65 48 3
22 3 1
91 42 3
51 30 1
84 16 0
57 76 4
28 77 1
3 60 0
57 34 0
76 40 2
39 68 5
88 22 0
4 12 2
95 69 4
15 35 3
28 46 1
67 64 1
70 2 5
53 80 0
47 55 3
63 21 0
8 45 4
77 89 2
16 40 0
3 49 1
98 65 4
4 56 4
6 55 3
35 21 0
71 48 5
97 23 2
16 43 4
5 41 5
22 22 5
23 28 0
1 60 1
49 36 5
76 20 0
82 49 2
6 20 3
92 28 5
9 2 1
73 46 0
76 34 4
73 17 1
23 78 4
22 46 4
44 77 2
89 72 3
89 9 3
15 31 1
66 82 3
69 55 1
78 44 2
79 32 0
10 43 5
70 93 5
7 65 0
69 99 1
60 98 3
61 52 5
28 67 1
59 81 4
43 29 2
85 87 5
32 10 4
83 78 0
37 100 2
49 76 2
87 54 5
11 98 4
1 97 1
82 26 2
46 95 5
81 67 4
65 98 1
12 57 5
83 85 5
91 79 0
16 77 3
32 99 2
51 23 4
78 90 5
59 19 4
33 92 0
35 100 4
4 37 0
96 44 2
62 69 0
100 33 5
53 52 0
4 48 3
4 56 5
10 70 2
62 71 3
54 90 4
89 64 3
98 39 2
89 95 1
44 76 4
85 61 5
51 63 2
54 35 1
48 4 5
58 12 0
69 21 5
79 20 0
68 74 4
27 98 2
15 56 0
31 58 5
67 68 0
18 21 1
3 49 3
37 21 1
24 22 1
34 74 1
74 92 5
80 53 5
41 52 1
69 22 0
2 42 5
96 36 5
96 87 2
81 12 3
83 69 4
66 100 5
93 69 2
12 28 4
18 46 1
77 16 4
1 69 3
24 30 5
74 93 5
98 19 5
74 84 0
96 43 5
78 28 4
96 21 2
18 40 2
6 43 2
55 68 5
82 71 2
29 11 4
57 20 4
3 62 4
24 83 1
53 9 0
84 95 4
100 96 5
27 7 4
18 79 3
98 51 1
12 86 1
74 50 0
17 35 3
51 65 2
50 43 4
56 58 3
59 91 1
28 59 0
18 91 3
78 93 5
40 26 3
12 42 4
38 21 0
60 1 4
74 8 4
82 72 2
2 23 0
65 69 2
80 93 3
47 12 1
74 58 3
88 74 1
31 21 3
13 93 3
21 63 3
91 64 1
85 30 4
85 23 0
20 9 2
48 5 3
83 56 4
20 81 1
40 79 3
61 33 0
10 70 0
14 7 0
41 63 3
48 53 5
69 47 3
25 54 5
24 100 5
80 12 4
42 65 4
4 65 0
96 90 5
71 17 1
18 19 0
66 59 4
40 97 0
63 71 1
80 74 5
56 56 2
43 32 0
23 63 4
12 49 0
65 92 0
31 76 0
68 18 5
70 17 1
55 2 1
79 48 2
93 20 4
73 93 3
82 65 5
78 40 5
41 41 1
84 18 2
12 34 0
34 78 4
33 88 4
62 20 0
42 60 2
69 95 4
99 63 5
38 30 5
86 55 3
59 43 1
32 59 1
70 90 3
51 27 4
37 90 1
70 97 1
67 49 3
9 99 2
67 45 1
10 4 4
42 16 5
39 99 2
98 31 4
89 8 1
38 53 3
87 81 4
19 18 5
1 80 1
89 42 2
71 48 1
74 31 3
95 48 4
61 91 2
17 6 3
70 85 3
63 40 5
32 13 4
31 14 2
75 56 3
56 71 3
60 78 3
12 14 5
88 29 2
2 80 4
74 36 1
25 41 4
80 100 3
17 73 1
19 18 0
94 78 3
44 81 5
22 98 3
89 97 4
72 16 3
85 89 0
27 78 2
2 59 2
69 61 0
18 11 0
76 86 5
10 73 5
50 47 4
22 44 5
73 17 5
45 74 0
54 39 0
26 84 3
23 53 4
84 37 5
98 47 1
76 44 5
62 26 2
75 59 5
39 56 4
31 37 5
81 18 5
99 56 2
57 76 5
96 89 0
58 4 3
70 90 0
97 71 2
17 7 5
31 65 2
91 51 1
76 73 1
80 53 1
21 54 5
35 47 5
19 82 1
63 56 1
46 35 0
18 1 1
9 72 0
15 68 4
73 87 5
46 36 4
39 92 3
21 77 1
73 49 3
35 70 3
19 82 0
6 24 2
52 30 3
40 34 0
51 72 4
12 4 1
61 22 1
17 50 5
22 8 5
21 82 4
75 98 5
39 71 5
20 16 3
50 52 0
40 25 0
39 67 2
31 26 3
22 6 2
59 93 0
58 30 2
11 12 5
42 89 2
6 94 3
3 22 1
94 77 4
17 52 1
73 94 4
4 72 0
24 25 5
40 72 1
61 47 2
74 3 4
92 55 2
31 82 0
7 22 2
64 35 4
46 63 2
85 82 3
18 15 1
4 20 3
53 21 4
10 8 0
33 96 4
46 7 0
71 40 1
29 18 4
85 64 2
53 94 0
85 84 3
39 41 4
17 91 1
86 28 4
48 37 3
9 79 2
57 43 2
10 36 3
42 95 4
19 28 0
69 75 1
1 60 1
51 60 3
42 44 0
11 1 4
54 38 3
38 81 4
36 16 1
4 8 0
43 74 4
66 4 3
97 33 2
18 20 0
11 61 3
86 54 2
81 35 3
78 31 2
33 4 3
28 79 1
80 47 0
22 29 3
90 71 5
63 19 2
94 15 5
65 52 0
31 45 4
55 22 1
32 78 4
32 43 1
81 37 2
25 51 2
69 96 0
17 29 5
27 16 2
39 7 2
57 16 1
33 67 4
10 42 1
92 11 2
83 54 2
70 19 0
76 37 3
92 46 1
95 73 1
3 36 3
66 15 0
23 46 0
79 38 5
21 28 1
51 5 0
54 79 5
64 31 0
83 75 5
32 68 5
30 21 2
6 36 4
100 24 2
11 60 4
36 36 2
11 12 4
6 30 3
7 3 4
91 29 3
71 53 1
61 1 4
59 28 3
96 93 5
99 18 0
69 69 3
74 68 0
86 63 0
31 97 0
68 35 5
74 16 5
57 67 5
50 93 5
56 60 0
76 94 0
83 20 2
62 45 1
24 95 4
97 62 2
55 34 3
97 15 1
43 30 0
39 53 5
20 25 3
44 80 0
58 39 1
78 81 2
35 48 3
40 17 3
73 26 5
71 87 2
2 55 0
70 32 4
33 86 3
24 64 4
84 100 0
7 49 2
47 6 3
15 89 0
47 69 2
46 96 3
98 57 3
64 19 4
80 36 2
60 45 1
16 16 0
10 27 2
59 18 3
84 34 5
29 83 4
12 19 2
45 76 0
56 34 0
2 22 5
85 55 0
97 55 0
6 75 2
25 30 2
25 61 3
23 34 3
69 71 4
20 67 3
60 62 2
16 49 1
61 68 5
21 60 2
68 51 0
59 45 3
10 79 4
23 60 2
74 35 4
86 66 3
65 14 4
19 93 5
30 38 1
33 62 0
44 78 3
56 39 3
94 15 0
25 69 4
42 1 5
56 89 4
21 10 0
20 10 4
91 44 4
92 52 3
61 28 0
32 52 4
22 68 5
12 4 3
45 45 1
6 41 5
12 85 2
22 8 2
76 75 0
67 81 0
77 72 2
100 7 3
35 12 0
62 15 0
25 68 5
86 25 4
95 77 1
13 24 4
20 99 2
5 31 5
92 80 3
11 56 5
79 44 4
63 88 1
9 35 1
75 60 2
90 46 5
45 64 3
11 48 2
89 36 4
48 2 0
64 69 0
70 78 2
30 43 1
62 40 5
93 48 0
40 52 5
18 72 0
13 97 4
14 18 0
82 99 3
94 66 2
34 72 0
96 31 0
66 65 2
4 34 3
34 2 2
80 89 3
15 73 3
11 21 0
31 91 3
68 5 0
51 12 1
77 55 2
47 68 5
70 100 3
97 76 5
10 72 5
13 92 5
97 35 5
85 66 3
2 82 4
54 71 4
60 45 5
96 58 4
9 59 3
79 14 5
39 54 4
95 86 1
69 76 4
23 62 0
5 93 2
85 98 1
64 55 4
72 77 0
5 43 1
54 76 2
33 30 1
19 91 3
8 52 5
62 88 1
81 18 3
53 96 0
23 6 2
19 79 2
63 44 1
95 29 4
38 20 3
12 4 0
92 95 2
45 56 5
18 9 3
65 10 0
25 71 1
25 52 1
54 28 4
40 54 4
74 90 5
54 32 4
55 76 0
77 1 4
93 86 3
43 38 3
100 88 2
37 34 5
83 93 1
44 32 3
88 86 2
11 2 4
97 34 4
89 74 4
48 49 0
19 14 4
90 19 1
83 61 0
33 92 3
1 35 0
44 59 0
16 33 5
51 21 0
54 22 0
39 34 3
30 86 5
3 40 4
51 51 3
98 71 4
92 45 5
99 82 5
1 46 5
12 32 1
43 45 4
29 31 4
96 7 2
53 64 4
57 67 4
17 54 4
14 44 2
37 49 0
49 4 4
34 80 1
19 100 1
34 88 5
11 77 3
43 82 1
32 41 1
37 22 5
38 63 0
56 12 2
57 25 0
36 36 4
36 68 4
91 9 2
4 77 2
48 39 3
59 80 4
68 47 0
62 15 2
69 58 2
80 37 0
74 52 3
56 29 0
35 96 2
91 41 4
44 64 2
53 88 0
2 23 0
30 10 1
30 75 0
95 57 2
56 27 1
73 12 3
70 57 1
67 34 2
1 27 0
45 27 3
44 79 3
9 30 5
31 32 3
52 37 1
48 98 2
38 54 2
18 64 1
90 60 5
31 9 1
58 46 1
10 15 4
58 64 5
91 71 1
75 39 3
67 41 3
44 95 4
11 4 2
55 93 1
87 81 2
30 4 4
46 28 4
60 41 1
93 26 2
37 66 0
86 24 4
29 7 5
58 48 5
41 18 4
4 67 5
1 45 1
48 55 3
5 17 4
49 91 3
38 38 3
25 79 5
82 53 3
37 41 5
81 68 3
8 54 4
4 41 1
73 100 5
93 68 5
56 88 0
2 79 0
46 69 3
87 53 2
42 97 3
4 37 1
4 64 3
3 46 3
31 30 0
83 37 3
71 11 3
93 96 4
25 81 5
71 78 2
54 6 5
25 14 1
61 23 2
73 59 3
21 30 4
54 27 2
13 53 1
6 11 4
3 82 5
72 21 1
18 56 2
92 80 4
32 79 4
6 63 4
24 23 1
32 31 1
49 9 2
64 24 1
94 37 3
91 83 4
92 86 0
58 24 2
60 50 2
97 71 4
76 63 2
69 39 1
81 53 1
19 72 4
53 62 4
88 39 1
73 86 0
36 99 1
40 25 2
43 47 3
31 100 1
21 65 0
53 42 1
10 62 1
69 45 5
32 30 1
34 35 2
38 32 4
30 59 0
94 65 3
96 69 3
59 2 3
60 34 0
27 63 3
11 33 1
95 16 1
74 37 1
85 60 1
93 97 0
20 24 3
9 62 1
36 40 3
20 75 4
80 92 1
11 86 3
44 30 1
100 4 0
52 48 1
70 73 2
44 88 5
68 47 1
12 55 5
69 67 2
93 74 4
69 68 0
30 47 5
58 79 3
10 22 4
88 3 0
50 83 2
58 58 5
44 11 0
2 64 3
80 36 2
50 67 4
45 13 3
100 36 2
17 23 2
65 79 0
25 86 3
13 65 2
70 82 0
16 91 1
41 84 4
38 48 4
66 22 2
23 88 0
83 12 3
78 82 5
58 86 3
44 20 4
25 15 3
10 2 4
84 30 3
30 17 5
99 32 5
23 8 4
2 99 5
6 59 2
77 94 5
31 17 3
5 86 0
79 25 0
90 24 4
13 15 3
35 86 0
100 94 3
14 93 1
75 60 3
29 87 1
76 88 1
34 97 5
23 85 1
20 99 4
89 79 5
59 19 2
14 46 3
5 17 3
62 74 5
95 13 5
89 88 0
75 85 2
63 89 0
31 79 1
27 43 1
6 53 3
48 75 0
96 12 4
43 73 1
21 49 4
41 12 1
41 34 0
77 44 4
70 29 5
58 93 0
35 76 5
40 45 1
43 50 1
42 20 3
97 59 0
5 28 2
31 22 2
21 56 3
93 95 3
58 97 4
16 8 3
31 22 4
62 16 2
11 42 0
41 3 3
88 69 0
12 59 3
36 4 4
75 91 0
42 29 2
35 67 3
3 66 1
84 50 4
99 99 5
3 77 3
98 31 3
72 60 3
62 50 3
41 74 5
43 16 0
9 16 5
12 52 2
44 75 2
20 24 2
81 54 4
67 34 2
4 36 1
76 94 4
66 28 5
65 9 0
23 20 0
55 5 4
98 57 5
32 28 0
96 95 4
25 8 2
26 73 3
17 31 0
2 53 2
83 65 5
15 34 2
26 3 5
83 9 5
72 61 3
2 48 4
56 6 2
71 22 5
56 19 2
44 92 2
76 16 4
9 4 5
83 71 3
43 78 2
33 93 2
94 67 0
39 56 5
33 9 5
52 51 2
22 34 2
11 33 4
82 53 1
76 12 4
55 85 3
87 9 0
20 12 5
25 80 2
31 65 4
45 82 0
30 75 3
100 88 0
11 51 3
73 35 4
50 22 2
75 1 2
77 21 2
11 14 3
52 56 4
73 34 2
4 20 2
8 16 0
29 41 5
91 66 0
19 65 0
81 94 2
17 20 0
74 51 2
44 52 2
96 39 0
41 97 1
67 81 3
50 95 2
80 30 3
23 59 5
76 48 3
6 51 1
64 32 2
47 89 3
99 60 0
19 60 4
52 6 0
81 44 5
9 58 3
84 13 0
65 76 2
2 94 1
75 76 2
59 30 1
79 3 4
60 73 2
90 33 0
11 81 1
33 66 5
72 21 4
84 46 3
21 37 3
18 70 3
83 92 5
11 43 1
41 61 3
63 69 0
7 84 3
5 87 3
7 10 4
57 55 0
97 77 1
92 45 4
90 60 2
88 86 5
86 99 4
36 67 5
44 53 3
75 38 4
79 72 5
26 98 5
51 66 5
78 39 3
38 92 5
42 80 4
7 70 4
43 9 3
45 21 5
67 42 4
10 6 0
92 67 1
19 51 5
42 19 0
33 51 5
30 4 1
16 43 5
11 100 4
48 90 1
71 30 2
16 29 3
31 24 4
52 35 4
83 82 1
23 9 4
68 9 0
34 87 0
94 23 2
74 3 0
25 15 3
45 94 4
33 70 5
29 92 0
88 16 3
14 61 1
21 46 5
76 69 5
93 84 0
29 83 5
10 87 4
70 87 5
88 96 5
72 89 2
99 90 3
3 70 2
93 76 4
8 41 2
34 49 2
36 69 5
46 64 0
4 62 3
44 64 3
70 79 2
44 11 3
29 99 0
18 62 4
91 73 4
88 78 3
54 54 2
18 27 2
49 2 5
26 50 1
16 21 4
65 60 2
76 11 4
73 71 3
22 72 3
76 86 2
88 89 1
16 24 1
88 18 3
54 95 3
38 55 0
94 84 5
33 15 3
24 55 1
99 79 2
6 57 0
36 5 3
62 79 1
26 99 2
30 55 4
45 71 1
29 40 4
49 97 1
1 39 4
80 21 0
78 55 3
13 23 1
92 69 3
77 68 1
20 67 3
89 69 1
52 15 5
89 72 3
34 15 3
83 58 0
4 71 3
25 17 2
41 100 3
19 53 3
37 20 1
89 64 2
27 87 4
2 45 0
96 20 1
50 92 0
36 43 4
30 40 0
9 99 3
57 87 5
75 65 5
16 47 3
14 69 5
92 37 0
57 2 2
92 16 4
7 25 5
30 29 1
24 70 0
9 59 3
64 21 2
82 95 5
7 26 2
59 39 2
36 89 4
9 78 0
74 23 2
50 67 5
26 46 3
78 56 5
60 23 5
32 86 4
71 61 3
17 54 5
6 35 2
99 50 3
97 46 4
39 18 5
20 52 4
14 67 5
65 43 3
43 61 1
54 93 2
59 52 4
63 67 4
27 69 3
20 92 5
15 69 2
65 20 3
91 41 3
47 74 2
9 96 3
25 96 3
45 87 0
46 35 3
11 7 4
37 8 1
67 45 1
6 56 3
51 5 2
88 31 5
20 64 4
81 6 4
40 12 5
57 12 0
88 62 2
96 100 5
65 56 0
27 10 5
75 87 5
27 99 2
100 93 1
7 81 3
52 95 5
87 57 1
37 39 2
53 55 2
81 54 5
55 53 5
11 50 3
39 42 0
25 11 1
29 28 3
44 90 2
2 86 4
49 59 3
58 18 3
100 29 0
5 96 0
52 50 3
77 30 1
96 77 1
3 35 1
65 14 0
93 31 2
29 82 3
67 52 5
91 59 4
81 17 0
7 48 5
60 18 5
20 11 1
15 12 2
20 75 4
73 44 5
36 32 1
3 59 5
37 68 0
83 78 3
57 58 3
92 89 4
73 63 0
1 36 3
86 26 4
68 70 0
68 8 3
63 51 5
22 50 0
76 2 4
55 52 3
24 98 5
74 84 2
61 44 0
4 49 3
95 72 1
74 12 2
42 23 1
8 24 1
72 92 1
86 97 0
31 92 3
50 46 4
70 3 4
33 33 4
31 11 4
100 43 2
74 33 1
5 2 2
99 67 3
24 70 5
29 76 1
66 48 2
1 38 1
44 81 1
54 69 2
30 14 3
76 38 5
37 39 2
81 76 0
80 61 1
48 88 0
35 67 0
4 3 0
74 47 5
12 1 1
57 21 3
100 90 0
32 10 0
80 62 3
85 10 4
84 18 2
22 67 1
28 63 1
27 53 3
4 63 3
14 100 1
98 93 1
8 21 4
77 1 5
30 39 3
29 17 1
66 74 1
66 46 0
21 79 4
97 87 3
88 69 0
40 16 1
56 18 1
47 38 2
61 75 4
25 64 4
24 68 3
92 19 1
25 51 2
73 8 5
85 41 3
44 1 2
51 2 3
55 5 3
21 49 0
89 61 5
75 79 4
34 76 3
53 18 3
84 88 1
53 69 0
39 43 2
14 34 3
80 18 3
1 14 5
14 98 4
94 91 5
44 15 4
74 1 0
57 20 0
71 7 4
94 92 3
38 62 0
85 28 3
72 24 0
22 21 2
81 91 1
39 78 3
20 68 2
94 91 3
7 64 0
56 57 0
36 100 2
35 96 2
52 19 4
95 35 5
89 98 4
94 2 2
81 76 2
58 80 2
63 15 1
16 18 5
25 68 2
96 3 3
61 21 3
68 94 3
51 71 5
8 90 5
87 55 2
56 49 1
5 91 5
40 67 2
80 10 3
92 6 0
15 81 3
65 23 4
29 54 0
27 85 4
11 76 4
20 81 3
14 55 5
93 13 4
84 32 3
28 61 4
18 27 5
86 27 1
72 12 2
18 100 1
96 77 5
13 46 3
16 58 2
22 44 1
14 64 0
91 68 1
52 16 4
4 85 0
76 10 4
72 89 2
97 57 0
86 78 2
30 53 0
10 58 0
96 67 0
34 70 0
3 10 3
96 92 4
23 93 2
81 25 4
94 6 0
2 45 3
93 76 1
23 88 3
44 16 5
56 56 2
22 27 2
72 14 1
14 40 5
56 26 1
66 7 4
24 41 5
1 65 4
22 65 4
53 7 0
56 92 0
65 7 3
1 32 1
100 49 3
100 19 1
17 28 2
38 59 0
6 94 4
14 27 1
59 51 3
65 61 5
18 45 4
30 86 2
22 89 1
84 95 4
32 2 5
82 94 1
32 24 3
79 81 0
63 91 1
17 50 1
89 46 3
70 61 3
75 17 0
73 36 0
47 4 5
8 49 1
65 27 0
55 55 5
61 72 2
30 47 2
81 62 1
70 82 0
74 60 0
82 16 1
58 72 5
3 52 2
30 15 1
18 56 4
55 59 5
41 98 4
26 60 0
55 100 4
12 29 3
33 80 3
17 9 1
17 19 5
93 25 2
77 39 4
60 68 0
7 62 0
50 37 3
76 32 1
97 62 2
44 77 1
70 17 0
63 14 0
16 70 0
80 47 5
54 79 3
97 31 3
79 66 5
85 7 1
85 57 1
50 93 0
3 32 2
29 100 0
92 29 2
100 51 0
93 11 5
99 39 0
84 96 0
90 16 4
55 42 4
37 77 0
93 81 4
27 25 1
25 80 4
100 87 0
81 6 1
90 31 5
25 83 3
37 19 2
44 16 0
37 47 3
22 45 4
58 83 2
73 22 2
63 86 4
53 2 3
48 86 0
52 88 2
66 71 3
21 30 0
69 54 3
19 99 3
74 41 1
41 16 3
21 44 5
47 31 5
54 73 2
71 29 0
41 35 1
42 41 1
4 73 0
59 56 1
97 71 2
29 59 4
30 42 0
71 19 0
80 42 0
18 22 4
90 72 0
6 31 1
15 58 0
77 65 0
34 53 3
93 92 0
7 99 5
90 53 5
37 42 0
51 63 5
38 27 1
99 98 5
81 32 0
98 34 2
64 14 1
55 50 4
71 42 2
9 42 4
68 83 1
17 70 5
19 59 3
42 67 2
90 52 0
99 99 5
71 69 5
81 23 1
15 27 2
31 2 4
49 36 1
23 14 5
4 91 1
96 28 0
41 44 2
63 20 1
41 84 4
49 8 1
21 9 2
46 91 2
58 78 2
17 49 4
6 15 1
56 88 0
13 81 5
68 62 1
30 94 0
71 58 3
5 5 2
48 59 0
46 15 2
45 81 3
96 83 0
33 87 3
64 15 0
19 33 1
41 46 3
64 43 5
9 95 4
58 46 3
14 11 4
19 19 5
35 38 0
66 71 4
66 74 1
11 86 5
72 100 2
96 66 2
29 32 1
25 3 1
98 79 2
82 29 1
69 41 4
99 26 1
13 74 5
94 66 4
26 22 0
21 49 4
74 73 5
75 12 2
25 19 4
61 67 1
51 1 1
100 61 3
37 17 5
46 81 2
98 10 5
50 77 3
70 90 4
26 79 3
79 95 1
80 46 0
3 54 4
78 54 4
56 59 5
22 48 3
85 61 1
4 30 1
86 10 0
2 26 1
28 13 0
66 61 3
45 27 5
54 12 1
59 90 0
93 47 0
100 38 0
64 39 0
65 17 4
38 52 4
33 4 3
99 74 3
62 19 2
74 91 5
39 91 0
18 35 3
85 54 3
67 73 1
73 64 4
60 6 1
23 100 5
44 44 2
28 26 2
52 46 5
4 11 2
52 92 1
12 4 5
98 24 1
78 69 0
16 100 4
1 17 1
97 40 3
57 46 2
67 77 3
26 14 0
15 74 2
62 59 5
48 41 3
89 1 0
79 100 1
18 46 0
26 67 0
18 48 0
79 97 3
82 20 0
46 64 1
5 74 5
96 6 1
2 95 4
11 29 3
28 81 0
69 85 1
9 45 0
83 78 0
99 39 5
17 85 0
39 64 4
80 25 0
33 23 5
42 39 3
17 11 5
97 19 1
56 22 3
62 45 0
39 89 3
97 58 3
59 62 0
52 49 4
34 21 0
43 2 3
37 59 5
20 76 3
14 2 3
23 9 1
95 27 2
24 12 5
83 10 0
89 83 5
67 19 2
37 28 1
52 82 2
49 20 1
62 17 4
76 17 2
38 55 0
78 8 0
24 100 5
21 97 5
79 14 5
9 58 3
15 14 0
39 44 1
20 43 5
24 2 2
53 22 5
69 90 0
15 37 0
29 90 0
19 79 0
46 79 3
51 85 3
76 27 0
52 2 3
75 22 1
2 73 0
48 89 1
5 26 5
20 64 2
83 54 0
7 55 1
28 63 5
99 42 5
75 33 0
72 59 0
94 61 1
22 80 0
81 1 4
55 64 2
13 28 1
65 2 2
96 57 2
35 33 3
89 7 3
41 62 4
64 60 5
37 20 0
55 25 4
11 22 3
84 69 0
16 35 4
87 91 0
94 61 3
18 27 4
94 51 3
96 19 5
77 80 1
55 14 1
48 12 5
84 32 0
53 92 1
59 55 3
33 77 5
68 79 3
52 64 5
46 60 3
49 92 5
58 7 4
62 18 3
97 41 0
84 64 5
26 90 5
41 70 1
55 86 4
68 31 3
15 15 3
16 65 1
44 83 5
88 42 1
35 54 1
89 14 3
36 34 1
2 84 0
91 8 2
94 81 2
69 25 0
41 18 3
9 86 2
80 33 4
89 52 4
3 58 4
95 98 1
42 87 3
57 38 0
53 3 4
36 19 5
5 72 4
17 99 4
33 75 2
81 51 1
97 87 3
57 4 5
60 44 1
73 31 2
89 54 1
63 54 5
64 79 3
80 96 5
76 72 5
72 10 3
55 14 4
100 48 3
48 64 1
95 17 5
79 17 5
74 53 1
100 13 1
85 86 4
89 55 3
30 32 3
59 87 2
52 17 4
4 38 5
32 58 4
38 3 2
37 62 0
99 11 1
51 71 5
33 84 5
13 45 3
84 57 2
68 54 3
18 26 2
43 22 1
78 96 3
7 87 4
18 83 1
20 13 3
78 38 4
25 91 1
73 28 5
29 46 4
7 2 4
87 14 5
65 97 4
73 77 3
74 37 2
79 21 1
70 90 0
49 65 3
73 56 4
86 15 2
97 35 1
12 100 5
40 41 3
10 29 4
20 12 4
8 19 4
54 13 2
73 22 2
56 2 0
31 34 5
77 5 0
16 68 4
14 27 3
8 65 2
56 48 3
77 36 3
83 49 3
77 74 4
90 57 5
28 12 5
18 13 4
44 66 5
49 49 5
80 50 3
22 17 1
63 32 1
40 94 4
44 3 4
39 25 4
74 88 4
10 95 4
94 7 4
87 80 4
27 51 0
47 14 2
59 11 2
90 73 2
9 95 3
17 54 2
56 28 1
49 28 1
73 42 4
7 55 1
74 3 2
54 81 1
44 27 5
20 41 1
47 84 2
22 94 0
36 74 5
14 7 4
13 54 0
60 5 4
46 82 4
53 45 4
84 19 4
98 5 0
23 1 0
26 39 5
14 13 2
55 97 2
98 53 2
12 14 4
58 10 0
18 71 2
62 84 1
99 26 5
89 43 5
22 77 3
29 30 0
74 7 0
29 26 3
76 41 0
89 57 2
95 14 3
6 38 1
13 45 4
69 18 2
24 46 2
50 26 3
13 25 0
14 1 4
48 72 5
14 90 4
67 97 1
32 58 3
75 60 0
98 58 4
82 87 3
4 28 5
71 90 2
39 35 0
27 67 5
34 35 5
27 16 5
78 42 1
35 54 0
91 32 5
38 54 2
64 10 2
77 87 1
86 95 1
22 94 4
26 56 2
39 36 4
4 78 0
66 80 1
15 26 3
69 42 1
79 36 5
37 89 0
40 74 2
49 57 4
57 1 2
8 23 2
12 98 2
86 11 2
98 24 4
9 52 5
61 78 2
78 21 1
98 81 0
51 79 4
51 42 2
47 90 3
19 30 2
4 37 0
57 64 2
97 84 3
54 12 2
87 47 1
63 35 0
73 83 2
30 35 2
98 1 4
16 77 1
68 31 3
67 50 5
39 73 3
49 3 1
38 13 1
26 37 1
99 44 2
40 54 3
75 61 3
41 90 5
59 59 2
35 72 1
77 98 1
16 38 0
20 28 3
21 55 3
21 27 4
70 36 2
42 9 5
79 82 4
39 59 2
50 76 3
99 72 3
39 92 2
19 25 0
28 89 2
100 89 1
20 100 5
81 57 3
30 77 1
11 92 1
32 84 1
99 93 0
42 55 2
14 60 4
54 53 2
69 51 4
54 54 1
19 27 5
19 45 1
12 24 5
84 62 1
86 66 0
74 49 1
50 82 3
3 12 1
18 19 5
41 79 0
43 28 2
5 94 2
72 78 5
43 45 5
25 87 2
80 22 4
62 67 0
61 30 0
15 77 0
12 21 5
32 50 5
66 8 3
69 63 4
67 42 5
73 87 4
28 53 1
2 84 4
77 41 1
23 78 1
70 58 4
54 71 2
4 54 5
21 7 1
58 75 4
78 72 3
26 42 0
24 41 4
15 9 2
11 24 2
99 17 0
21 48 4
53 6 2
80 45 1
40 19 1
91 43 4
19 90 3
47 21 0
15 7 5
33 13 3
45 36 1
55 12 1
75 100 2
93 9 2
36 39 0
4 99 3
5 4 1
29 95 1
6 58 2
62 32 3
80 5 3
7 98 1
88 76 2
26 72 4
86 98 3
30 23 5
77 32 3
18 24 5
22 99 0
20 43 0
73 13 5
72 44 2
75 61 4
36 26 0
24 85 4
67 100 4
31 74 5
48 8 0
33 41 0
51 82 1
61 86 1
25 32 2
66 42 0
34 65 2
82 4 3
31 19 1
40 23 0
55 73 3
37 42 3
20 63 3
15 59 3
96 33 2
8 71 5
46 78 3
62 77 1
96 90 1
2 96 1
16 11 0
44 2 0
58 91 3
34 82 0
55 33 2
43 60 3
53 4 4
91 50 3
99 55 3
91 71 1
10 92 0
88 94 5
37 30 2
23 34 2
49 7 4
72 3 2
17 57 0
87 35 4
30 73 0
57 95 2
71 76 2
19 58 1
47 23 0
96 52 0
21 53 2
38 12 2
69 26 0
41 26 3
67 95 0
87 40 4
49 94 2
93 81 2
82 45 3
28 89 5
14 75 4
31 32 3
24 7 5
40 84 3
84 2 1
32 64 1
97 32 0
49 88 5
24 88 1
7 57 2
53 96 4
82 34 0
77 99 1
19 8 5
88 5 5
44 1 3
39 77 4
34 75 1
43 99 0
93 12 3
1 36 1
49 25 3
18 81 4
45 91 0
100 84 3
13 100 4
89 42 0
100 75 3
94 97 3
54 25 5
90 22 5
87 79 0
4 32 3
94 18 2
73 27 3
68 85 5
38 57 3
34 24 5
73 88 1
18 94 0
62 12 5
54 70 3
77 78 1
25 36 3
60 44 2
88 79 5
30 3 2
34 49 2
58 52 0
36 5 3
46 30 4
42 59 3
49 98 5
1 45 2
72 67 0
3 33 2
66 9 1
75 40 3
48 70 1
43 64 0
19 45 5
3 44 3
77 43 3
4 56 2
82 13 5
24 36 3
58 16 2
3 71 5
53 34 0
17 16 5
70 13 4
56 18 0
32 34 0
5 41 1
52 39 4
53 45 1
65 87 5
70 28 5
3 34 1
69 88 3
99 84 4
86 82 1
87 51 2
89 51 1
11 57 2
14 58 4
19 50 1
51 25 4
23 99 0
57 10 1
34 45 3
28 64 5
47 70 0
38 55 5
46 7 3
58 93 0
88 88 2
4 37 5
91 47 4
7 81 4
28 99 2
43 23 1
92 58 4
18 8 5
91 37 1
25 53 2
65 33 0
37 76 3
24 58 1
100 34 1
90 1 5
98 4 5
99 66 5
1 24 1
90 45 2
78 29 2
97 10 4
95 43 4
39 18 4
86 47 5
47 4 4
65 91 1
51 19 4
7 64 1
26 46 2
20 11 4
86 82 2
18 76 0
17 41 4
6 55 4
69 93 4
75 47 3
37 36 2
62 60 3
50 20 5
34 35 1
56 57 1
98 63 5
82 77 2
41 61 4
56 39 4
54 35 3
69 100 2
60 36 0
77 13 1
45 100 2
71 70 2
87 55 0
94 65 0
91 79 3
51 32 2
47 40 4
65 63 3
86 36 5
72 51 3
77 24 4
10 5 5
83 64 3
25 22 0
20 62 2
70 32 1
80 12 3
73 93 4
93 59 5
87 10 3
48 52 4
85 7 1
18 47 3
65 75 0
47 73 0
76 24 4
90 56 5
87 2 0
51 18 5
22 93 5
95 90 1
54 6 3
40 26 1
26 45 4
65 16 2
55 22 1
75 31 1
66 27 4
29 93 3
18 92 3
37 49 1
52 67 0
91 36 5
41 76 0
3 78 4
12 7 3
6 60 5
83 2 4
86 90 2
17 87 2
64 5 3
95 73 0
41 42 1
46 88 5
73 92 1
35 97 0
93 53 3
82 25 2
96 62 0
100 43 3
76 65 4
82 90 1
60 17 4
58 78 5
63 22 5
66 10 5
34 98 0
82 22 3
26 20 5
77 65 4
80 51 5
70 90 0
55 44 2
69 63 1
98 39 3
65 96 4
39 60 4
80 39 1
13 11 0
4 92 0
52 50 2
37 32 2
49 25 5
32 77 3
36 88 5
15 32 4
70 79 5
82 34 5
86 47 1
35 40 3
88 5 5
43 8 3
31 14 0
28 45 3
81 86 1
84 15 3
1 35 5
19 54 5
15 28 4
36 59 3
57 48 0
3 66 4
24 8 4
91 87 1
15 69 0
19 24 5
71 27 4
13 41 2
84 30 4
9 91 4
18 43 0
18 81 1
66 49 4
31 20 1
82 19 1
28 66 0
30 93 3
59 20 1
78 9 3
78 53 1
11 4 0
34 100 4
46 91 4
19 2 3
38 72 3
14 3 5
5 51 2
46 50 2
32 58 5
78 93 3
36 67 4
99 44 1
52 38 1
25 57 3
8 50 4
97 76 2
88 95 0
9 60 2
41 66 3
68 1 3
20 29 1
44 94 3
6 95 0
70 46 3
14 43 3
40 7 3
74 34 2
4 22 5
9 61 3
22 81 2
7 75 4
70 89 0
11 61 1
45 49 5
24 74 2
97 4 3
20 73 0
21 9 4
54 93 5
43 36 0
81 7 5
14 7 0
92 41 5
86 66 2
92 47 3
14 9 3
98 18 3
11 59 1
49 9 1
90 1 1
91 82 3
79 84 1
80 8 4
56 35 5
97 4 5
71 31 2
71 36 0
74 24 2
37 97 3
8 21 0
27 99 0
89 99 2
73 37 4
76 54 5
78 3 2
60 63 4
85 26 5
42 88 4
12 56 2
7 47 0
70 11 0
45 82 4
82 12 0
61 52 4
87 91 2
30 14 5
81 95 1
2 52 2
57 35 2
87 22 3
15 90 1
78 97 3
82 69 2
89 35 1
76 50 4
52 94 0
8 15 1
80 51 5
74 75 0
25 86 3
62 5 1
90 56 1
86 75 4
100 22 4
12 56 0
24 50 2
63 20 4
1 76 1
16 92 0
43 46 4
95 92 1
97 3 1
2 1 4
87 73 1
80 18 1
55 100 4
34 9 2
60 18 4
23 45 5
91 66 0
47 3 0
74 52 4
4 94 2
44 46 0
81 18 4
12 33 1
75 29 4
17 32 4
66 34 1
91 54 3
97 77 3
43 23 3
36 74 0
99 35 2
17 86 2
99 56 3
93 8 5
19 61 3
76 36 2
74 85 3
91 28 2
30 6 5
20 61 2
56 42 2
24 15 0
93 57 1
71 82 4
100 89 2
51 23 2
65 1 0
74 40 4
74 82 3
45 57 2
89 42 2
75 77 1
83 91 2
31 84 5
63 3 2
55 26 3
66 86 4
78 86 2
83 41 1
85 13 5
76 66 1
97 91 4
24 15 1
19 83 0
39 94 3
49 61 1
61 99 3
16 30 1
70 93 0
81 61 4
78 91 4
60 43 5
96 96 0
56 55 3
16 88 5
62 19 4
89 3 5
94 25 5
75 9 2
94 91 4
50 39 2
49 76 0
71 38 0
86 68 0
3 14 1
43 6 3
5 91 3
56 35 0
54 52 2
40 64 4
47 80 3
11 50 1
19 3 4
60 22 5
81 69 1
49 33 2
38 19 2
72 26 4
85 50 1
30 92 2
18 88 3
12 22 3
70 8 0
75 60 4
72 98 1
84 30 4
18 65 5
26 27 2
96 19 3
38 7 1
28 85 3
82 21 5
10 4 5
25 13 5
96 26 4
95 28 4
65 61 3
46 83 2
18 61 3
40 12 1
82 47 3
56 9 3
80 48 0
34 85 0
63 28 5
20 37 0
41 43 3
88 43 3
6 52 0
62 94 2
88 47 3
4 95 4
71 64 3
10 24 0
3 82 0
57 69 2
73 99 2
66 36 4
54 26 2
47 6 1
66 9 1
60 51 3
99 57 4
98 53 2
40 41 2
59 47 0
25 32 5
61 1 3
31 30 3
53 80 0
55 78 4
91 26 3
11 56 0
38 14 5
66 73 2
53 77 3
50 25 5
26 33 1
67 57 3
13 34 2
86 31 1
16 21 3
76 55 0
6 46 0
37 26 4
100 41 5
4 91 1
81 52 5
54 30 1
60 43 2
29 54 3
12 30 4
87 11 4
52 72 3
75 16 3
72 4 1
98 32 0
11 22 1
76 24 1
19 25 5
8 97 3
11 38 4
78 90 3
91 75 0
49 6 3
41 14 5
63 96 3
19 98 4
70 49 3
69 85 1
54 92 4
20 46 1
20 23 5
79 31 2
61 34 1
54 34 3
41 79 3
35 9 4
59 27 1
25 23 2
58 84 4
53 36 3
46 48 4
57 93 5
25 13 1
12 93 0
84 69 4
36 27 1
77 63 0
58 74 1
57 22 0
70 85 0
84 55 0
38 40 5
71 32 5
75 47 2
68 3 3
49 66 2
30 80 1
29 62 3
6 66 0
55 2 3
43 68 2
51 49 0
40 75 3
7 83 1
90 59 3
19 11 1
99 62 4
83 13 2
60 74 4
44 39 3
92 94 2
47 93 5
69 74 2
51 63 0
2 35 1
59 45 2
79 82 5
37 73 4
51 84 1
73 51 3
39 55 4
45 11 5
32 62 4
41 14 2
34 77 0
93 47 3
18 71 5
30 84 1
98 82 4
3 59 3
81 60 4
83 64 1
86 16 1
85 48 2
39 42 4
89 43 1
20 33 3
40 68 0
54 96 4
18 11 0
33 9 4
54 69 5
12 72 4
75 54 1
20 30 4
43 12 0
6 80 4
12 46 5
12 89 2
60 31 1
14 29 2
29 30 4
96 93 2
44 55 1
40 50 0
89 13 3
100 9 4
18 61 2
37 36 0
5 32 2
14 65 5
44 20 1
9 30 3
15 66 5
11 29 2
67 59 5
80 35 2
69 12 3
24 7 0
84 61 1
71 15 1
74 71 5
11 50 4
100 13 4
81 68 2
38 74 2
37 37 2
52 83 5
9 11 4
52 60 4
80 20 3
18 13 2
95 9 2
68 7 1
89 29 4
66 10 3
34 69 0
86 56 1
55 7 0
72 24 1
26 9 0
77 89 5
63 84 5
91 96 3
65 71 1
66 23 4
63 22 2
30 83 1
80 46 0
34 92 5
66 16 3
63 36 5
53 24 1
24 39 5
55 32 4
98 44 3
24 13 4
11 4 0
62 41 3
58 32 5
1 18 5
7 57 3
74 98 5
51 15 1
58 63 2
21 41 5
59 1 2
9 65 4
60 28 4
62 35 1
41 100 4
58 61 0
9 33 2
70 46 2
18 40 3
65 83 0
66 48 1
19 11 1
13 84 2
2 36 0
64 10 1
79 78 3
36 22 3
13 39 3
46 28 0
79 95 1
39 63 5
77 74 0
82 93 4
16 8 3
97 93 5
55 75 2
67 43 5
61 68 3
63 94 5
69 97 1
83 69 1
56 34 0
34 2 2
46 45 4
17 78 1
26 48 3
63 54 5
67 23 0
59 27 4
48 9 5
38 48 5
28 3 5
84 71 3
87 93 4
25 88 5
45 42 2
95 56 3
61 70 0
86 42 4
33 19 0
62 38 3
50 8 3
95 66 5
99 70 5
84 47 3
94 72 0
42 19 5
39 9 1
80 44 1
71 55 1
68 61 5
43 51 1
10 30 4
50 7 5
27 60 1
24 35 4
79 16 3
71 31 4
36 42 3
26 52 4
81 51 2
93 64 5
76 90 1
30 38 4
25 82 2
2 1 2
53 70 3
24 17 5
10 75 4
31 45 1
6 9 3
83 69 3
50 96 2
84 18 4
39 41 1
44 1 5
14 89 2
47 41 1
67 77 5
65 78 3
50 68 2
66 27 0
22 40 3
72 44 4
40 65 5
19 96 5
85 54 1
4 97 2
84 78 0
79 15 2
55 87 2
48 83 3
99 85 3
5 74 5
9 36 1
13 53 2
95 92 4
91 70 0
85 27 2
21 42 0
57 41 5
61 69 2
26 30 4
38 19 5
36 14 0
16 9 4
30 1 2
93 24 4
6 33 0
1 39 5
52 97 4
30 66 4
64 12 1
30 82 0
31 1 4
83 51 5
81 37 3
52 32 4
3 13 0
71 5 1
92 27 2
20 4 0
13 96 0
70 64 2
5 90 0
17 62 1
44 46 2
98 34 0
46 40 0
95 89 4
56 5 0
40 64 2
76 6 0
20 49 5
12 36 2
60 60 5
95 5 4
30 61 5
71 32 2
25 43 3
70 7 5
49 96 0
73 61 5
58 65 1
42 93 0
29 89 2
30 33 4
36 7 5
68 32 3
64 74 0
7 27 0
69 25 2
2 22 3
71 42 2
18 93 0
40 13 4
33 30 3
13 87 2
84 9 2
49 54 2
55 59 2
44 80 2
58 48 2
49 63 0
72 62 4
80 21 2
80 78 1
86 65 0
91 40 0
33 69 3
61 49 3
22 94 2
23 17 1
89 86 2
22 1 5
25 38 4
57 49 2
27 43 0
81 68 3
62 52 1
100 31 2
83 25 5
70 68 4
33 10 1
68 60 3
65 60 1
65 49 0
36 13 0
38 20 4
39 80 2
90 76 2
100 35 5
64 96 5
37 11 3
52 70 0
86 62 2
67 34 5
89 33 5
19 35 3
65 16 1
48 58 3
4 21 5
24 37 1
93 41 4
84 46 1
64 96 1
81 4 3
46 57 2
10 34 3
73 8 5
32 3 2
26 2 3
36 21 5
82 67 4
32 25 2
12 48 0
61 86 5
8 100 2
51 42 3
68 91 3
53 52 0
34 60 5
63 36 4
21 88 5
85 20 2
15 62 0
76 19 3
45 12 5
47 88 1
91 93 5
95 98 0
34 30 3
10 9 1
100 16 3
93 1 4
14 10 4
76 28 3
97 88 3
38 67 0
16 4 0
95 25 4
57 49 1
26 83 2
73 51 2
79 83 0
85 55 5
81 58 2
73 55 0
2 6 5
9 7 1
84 57 3
24 2 2
53 26 0
3 73 2
7 40 4
6 17 5
16 10 0
63 39 0
73 33 2
33 92 2
70 65 4
75 88 3
63 87 0
37 68 2
37 6 0
98 67 4
59 70 5
79 88 4
82 4 1
31 23 2
71 94 0
24 65 5
2 82 5
22 21 1
19 55 5
14 80 1
11 5 5
83 28 0
18 89 3
61 86 2
10 5 4
44 38 5
6 69 2
94 62 4
39 46 1
23 11 1
22 36 3
88 72 4
92 29 1
9 95 3
27 22 3
25 49 3
23 45 0
89 83 1
23 9 0
1 62 1
28 66 3
23 78 5
62 28 1
39 24 0
34 78 3
82 95 4
43 83 2
59 36 5
61 19 4
31 41 2
78 82 5
5 23 1
63 47 2
10 53 5
35 53 2
25 34 0
14 89 3
25 56 0
32 6 5
100 54 5
39 79 2
82 89 1
57 77 2
40 57 5
18 41 0
10 63 3
60 12 3
34 60 2
62 5 2
57 27 0
11 46 2
38 81 4
72 6 0
71 40 3
58 69 1
55 87 3
61 73 5
29 29 4
71 28 2
65 37 4
88 52 0
86 15 1
46 42 4
22 88 2
97 80 2
95 86 5
11 67 4
64 38 0
26 99 4
86 86 2
62 68 3
25 91 2
78 48 0
33 47 1
44 61 3
48 34 5
66 28 4
58 31 1
89 7 0
33 31 4
10 6 4
8 33 2
75 13 5
4 44 2
38 96 1
79 24 0
81 35 4
68 62 5
45 93 5
1 84 3
11 19 0
14 43 5
73 48 2
98 38 2
18 82 4
79 29 5
10 68 3
36 4 2
42 40 3
41 73 4
36 21 2
14 73 1
39 58 0
2 51 0
37 22 5
47 9 1
33 54 0
97 65 5
26 40 2
38 80 0
4 57 2
18 70 5
41 92 1
51 75 4
24 55 3
49 65 4
64 58 3
5 82 3
70 90 5
81 73 3
3 92 3
40 52 4
13 96 3
89 42 3
96 8 0
29 20 5
87 86 5
91 12 5
4 56 4
93 92 2
6 49 2
44 10 2
44 10 0
35 1 5
27 88 1
37 72 2
55 98 5
96 39 4
55 37 4
81 91 2
14 7 2
84 7 1
97 52 4
68 97 5
24 19 0
33 11 3
44 96 2
58 28 5
48 1 2
59 51 1
97 29 3
77 34 2
100 39 0
44 50 2
40 63 1
75 80 5
46 32 1
26 67 0
78 24 0
77 90 5
51 20 1
37 8 5
26 62 3
54 23 1
53 4 4
24 22 0
20 84 2
42 99 2
72 44 3
86 40 5
74 100 0
64 61 3
3 45 4
94 59 2
48 40 2
88 20 1
33 31 3
18 86 3
71 95 2
98 60 0
38 95 4
42 94 0
73 7 1
69 9 3
95 80 4
50 54 1
48 76 2
30 82 4
91 76 1
84 39 4
72 52 3
63 5 1
76 29 0
56 91 2
70 19 0
18 78 5
79 64 5
72 26 4
41 8 5
78 13 4
75 59 2
59 35 1
3 9 2
52 14 3
71 59 2
65 100 5
1 88 0
79 10 5
90 58 3
95 36 2
88 55 2
38 69 2
76 87 1
8 67 1
12 8 0
90 37 3
3 65 3
39 80 2
35 73 3
7 93 0
98 100 0
90 58 3
24 31 0
23 29 4
76 1 1
88 53 4
46 49 0
63 56 4
47 73 0
54 45 0
97 26 3
47 93 1
53 81 2
88 13 0
31 90 0
88 29 4
60 95 0
86 86 0
95 53 1
2 64 0
13 91 2
47 13 5
78 30 0
86 45 3
1 53 5
49 21 1
43 67 1
21 6 4
50 46 0
66 11 5
99 69 5
5 100 2
82 62 3
63 9 2
2 65 3
3 58 3
82 8 3
14 37 2
7 4 0
31 28 1
85 42 3
81 16 2
96 4 0
64 46 4
61 60 2
30 73 2
4 52 2
75 60 5
3 39 3
9 68 4
18 73 2
49 17 5
9 97 3
96 14 2
22 72 4
59 87 1
73 65 3
97 36 5
50 97 5
66 8 0
72 38 5
28 86 3
100 11 3
39 98 3
17 7 3
20 32 5
31 5 4
69 65 4
5 72 4
7 60 5
93 77 5
81 47 4
79 82 4
66 77 0
51 4 2
54 6 5
52 33 4
90 31 4
41 34 5
75 18 4
29 98 4
29 89 5
79 22 4
28 82 2
26 100 4
86 61 1
52 65 4
84 66 1
37 80 0
78 14 1
26 82 3
24 76 2
34 29 4
11 45 1
34 49 2
8 84 3
42 13 1
12 92 0
4 68 3
3 73 5
23 1 3
97 4 4
41 50 0
78 38 1
98 5 4
50 69 3
54 79 5
77 7 0
84 13 0
89 6 1
92 66 4
27 8 1
46 100 5
49 61 1
55 7 1
86 53 0
16 55 4
15 74 0
41 59 4
55 16 3
95 56 3
56 47 5
52 43 1
44 18 2
87 72 0
97 92 2
8 24 3
44 56 0
7 21 5
58 91 3
65 30 2
31 99 2
19 82 5
68 12 4
39 32 4
85 68 5
78 75 0
22 30 5
42 84 1
34 47 5
95 34 2
75 94 3
54 83 2
5 73 1
21 22 5
72 12 2
30 87 4
92 14 2
78 65 3
95 16 4
16 41 2
54 8 0
78 25 4
4 24 2
75 72 5
55 40 3
74 50 2
2 56 4
100 85 3
13 65 1
68 60 4
44 15 0
44 24 3
97 86 4
100 12 5
6 1 4
39 60 0
86 83 1
29 35 2
32 14 2
69 77 1
10 61 3
55 36 3
35 24 0
27 23 3
32 41 4
32 87 2
3 52 4
74 31 2
37 89 5
36 16 0
13 99 3
46 59 1
69 90 4
95 53 0
74 92 2
34 41 2
47 65 1
72 7 5
34 83 3
32 76 3
36 16 5
6 65 0
93 26 2
97 18 5
49 37 5
32 12 5
55 9 3
55 89 1
77 4 4
100 65 4
19 99 4
67 5 1
87 59 4
34 7 3
21 11 1
31 11 3
58 45 5
28 18 5
12 59 0
27 70 3
32 79 5
46 87 5
53 48 1
48 31 5
44 26 4
24 93 0
37 93 2
24 64 2
79 57 1
82 2 4
40 48 0
97 17 1
92 61 4
41 25 0
19 55 5
50 25 0
43 75 2
37 97 3
99 41 0
39 27 4
67 30 3
60 15 1
30 93 3
11 9 2
15 99 4
40 2 2
79 86 5
30 18 2
63 6 1
60 99 1
61 26 0
25 4 5
86 83 5
58 89 3
6 86 0
77 76 0
34 88 4
97 93 5
83 23 0
94 84 3
73 58 4
16 24 1
67 13 2
49 19 0
90 71 1
53 27 4
3 41 1
94 65 2
60 96 2
51 4 1
80 97 0
11 9 5
25 57 1
27 36 0
26 75 1
64 9 1
18 89 3
9 30 4
52 88 2
63 33 5
55 88 0
94 74 5
62 62 0
20 47 4
18 29 0
24 93 3
34 92 2
91 92 4
100 68 1
16 30 3
6 97 5
30 55 3
88 11 1
92 93 0
77 57 1
5 84 4
44 1 3
32 33 1
55 17 2
25 6 5
66 31 4
96 84 1
90 90 3
22 80 1
37 64 2
57 1 4
69 97 3
83 16 5
47 32 0
70 63 5
77 8 5
60 43 4
29 8 3
34 54 3
46 30 3
83 84 5
85 97 4
23 46 3
50 60 4
67 7 1
26 96 1
91 9 2
99 82 4
100 97 4
59 73 5
43 1 3
12 54 1
6 72 0
54 61 2
46 78 0
37 57 1
88 80 4
36 96 0
19 33 1
13 37 3
80 100 5
12 80 3
66 39 4
92 85 2
85 76 2
74 19 2
52 96 1
2 24 4
68 52 1
3 40 3
5 90 1
87 95 1
100 68 1
85 65 3
1 3 0
18 54 1
35 69 4
21 78 2
49 35 1
8 35 5
93 6 4
21 19 5
99 21 4
9 82 1
45 41 1
82 41 5
19 15 2
79 58 3
6 36 0
100 9 3
3 62 1
39 10 5
66 40 1
1 54 2
53 32 2
63 20 5
25 85 3
92 99 1
3 2 1
8 93 3
91 53 1
39 75 4
14 58 0
74 20 5
25 1 2
6 70 2
95 73 1
43 58 4
88 89 4
87 75 1
21 28 0
40 1 1
6 56 0
36 2 5
61 35 4
78 95 4
38 90 4
66 44 5
8 37 1
10 23 3
78 47 3
17 31 1
45 37 0
44 77 2
27 9 3
38 70 2
82 4 1
65 25 5
34 12 4
14 91 2
27 8 0
27 27 4
100 66 4
63 16 2
24 9 3
56 66 3
51 26 0
16 40 5
42 58 0
25 78 0
76 3 3
12 48 3
33 51 2
19 37 0
68 52 5
67 30 0
19 62 1
49 7 1
95 37 1
40 44 1
56 61 4
35 55 0
78 19 4
11 81 2
80 78 0
2 72 5
63 78 0
63 9 0
62 69 1
61 92 0
33 27 4
88 28 2
91 50 0
46 28 1
23 72 4
90 6 4
23 88 3
21 69 5
10 75 4
72 21 0
36 89 3
4 51 3
76 30 3
46 61 3
21 100 1
6 44 5
66 58 2
5 56 3
13 100 1
21 57 4
40 36 3
81 87 5
5 11 0
66 40 4
86 45 0
100 50 4
97 64 5
27 62 4
19 69 1
19 2 0
80 74 4
8 22 3
90 52 5
31 48 2
68 78 5
16 75 4
60 84 0
69 47 3
45 77 4
71 78 0
29 39 0
33 28 4
55 11 2
25 24 1
57 42 4
67 42 5
29 88 4
36 99 3
74 59 0
77 5 4
62 82 3
32 83 3
74 100 1
77 26 1
8 46 3
62 59 1
38 85 5
65 33 5
80 60 1
8 25 5
54 76 0
15 95 0
81 17 1
55 29 5
5 66 5
75 80 2
47 5 5
38 63 5
54 65 5
79 40 3
93 23 2
43 71 3
61 32 4
5 94 5
46 95 1
26 16 5
79 51 4
15 52 0
90 100 1
56 25 0
7 2 4
32 31 0
38 59 0
29 66 1
37 45 0
80 53 3
16 3 2
91 33 3
55 35 0
9 80 2
18 59 0
44 21 3
27 12 2
1 38 2
77 95 5
42 35 3
86 100 3
41 11 1
86 20 4
93 89 4
39 5 4
77 43 4
86 89 4
39 76 4
54 93 2
86 1 2
55 44 1
40 81 3
12 46 4
14 40 0
67 3 0
48 64 4
9 3 4
42 24 5
64 1 5
25 78 1
56 29 0
67 23 3
51 54 0
40 94 2
35 60 5
73 17 4
67 48 4
48 82 3
83 26 4
29 12 0
11 47 1
12 62 0
41 17 0
100 62 2
27 70 3
42 12 3
43 66 0
18 72 0
48 27 3
91 18 3
91 85 0
100 100 0
11 74 0
44 77 2
83 100 2
73 18 1
70 10 0
18 59 3
96 59 0
92 87 0
100 7 1
85 50 0
94 72 3
66 16 3
34 51 1
63 97 1
35 74 4
86 59 2
23 4 0
93 33 5
41 8 1
8 57 2
85 64 2
5 37 2
38 8 0
82 5 0
52 5 5
54 82 4
28 19 0
59 75 4
78 2 0
37 68 4
51 20 0
45 49 1
99 57 5
89 57 4
97 68 3
19 42 1
13 85 0
43 51 5
4 66 5
84 97 5
70 37 1
59 40 0
8 98 0
16 97 1
10 14 5
22 7 2
33 76 1
81 49 2
21 4 5
98 34 0
62 17 5
88 40 0
72 51 1
26 96 4
29 26 4
45 31 4
35 95 4
6 46 3
49 92 0
87 95 4
48 90 5
61 71 5
93 78 0
95 28 2
65 99 3
54 62 0
35 42 5
76 99 2
96 18 5
10 16 3
46 56 5
54 92 2
44 66 5
17 67 0
52 90 2
37 63 5
55 22 5
78 69 4
52 57 2
30 49 5
19 71 5
91 19 5
95 71 5
11 62 2
49 57 0
14 28 5
19 96 4
29 86 2
35 29 2
74 81 5
93 51 3
80 10 5
92 53 1
99 9 2
80 86 0
31 95 4
54 28 4
90 70 2
7 26 3
83 75 0
58 5 1
97 42 1
55 87 1
20 23 2
93 10 5
9 42 2
96 53 1
76 42 4
74 86 2
41 15 1
76 20 3
3 32 1
61 87 2
69 37 4
77 100 1
9 93 3
34 99 2
51 31 1
71 29 0
2 50 5
7 4 2
9 33 2
80 62 1
95 42 0
51 23 3
11 92 3
48 27 0
77 52 0
18 29 1
11 39 1
20 35 0
11 79 2
59 57 2
57 100 5
20 93 2
30 22 4
82 69 2
40 44 1
7 94 0
13 59 0
65 14 1
48 48 2
74 66 5
20 73 0
58 90 5
46 76 1
41 44 3
66 46 4
56 68 5
40 60 2
95 75 5
18 38 2
49 53 1
20 15 5
7 71 0
2 9 5
14 43 3
61 21 1
36 64 1
95 84 1
25 96 2
40 47 4
10 73 0
96 52 0
58 68 0
77 25 0
31 79 3
15 97 2
51 39 2
3 59 5
40 50 4
80 2 3
14 34 5
89 57 1
69 62 3
91 95 5
7 63 1
28 54 4
6 36 2
94 77 2
48 13 1
54 94 0
79 12 4
26 91 1
58 9 3
37 1 1
88 65 0
8 45 3
7 46 5
70 38 3
51 74 5
52 28 4
9 6 5
96 13 2
31 14 4
54 86 4
54 96 5
33 40 3
72 88 5
13 69 3
1 26 2
81 17 3
17 34 1
54 31 4
65 48 3
75 20 2
21 2 2
31 88 0
90 8 2
21 86 4
2 88 1
48 28 2
55 4 3
10 78 0
46 7 0
96 19 0
11 70 3
70 99 4
86 35 4
34 67 3
71 82 2
21 18 2
93 76 2
21 57 1
15 39 2
7 97 0
78 6 5
81 77 3
81 19 5
83 17 0
59 46 2
74 37 5
38 98 3
59 13 0
1 74 1
41 13 4
1 92 5
89 30 5
63 70 1
72 58 5
90 28 4
64 70 1
35 90 1
41 37 5
98 75 1
68 15 3
63 66 1
81 19 0
80 29 1
10 92 1
8 38 5
26 24 4
54 23 2
12 33 3
51 29 2
47 69 3
76 50 2
58 27 3
38 94 1
13 16 0
23 11 5
11 81 1
44 40 2
63 59 4
26 48 5
2 71 4
49 77 5
67 24 5
53 10 4
77 78 2
90 46 4
21 19 1
39 64 0
18 23 3
57 72 2
35 2 5
42 85 1
60 80 4
58 6 0
91 66 0
76 74 2
58 84 1
5 83 0
88 21 1
70 50 5
72 5 3
53 10 0
43 71 0
38 30 5
42 45 3
69 65 1
32 79 4
36 14 2
87 85 2
78 65 4
97 36 3
95 92 3
87 13 5
46 23 3
7 81 4
98 30 0
47 14 3
81 76 5
6 2 4
37 97 1
86 16 4
13 18 4
54 47 5
76 87 2
90 57 2
23 46 0
28 61 4
52 85 5
21 61 5
75 27 3
94 12 4
39 72 0
81 60 0
50 78 4
59 81 4
2 47 4
1 89 1
47 88 2
78 66 5
72 19 4
39 100 2
51 87 2
90 62 2
27 15 5
14 12 5
93 53 1
20 53 0
79 30 1
39 80 4
76 95 1
69 80 4
60 99 2
65 11 3
92 30 0
19 100 2
100 37 0
64 50 1
89 91 1
93 93 1
46 67 2
38 54 1
2 54 0
73 35 1
10 43 2
94 57 0
74 32 0
31 5 0
73 37 0
1 16 5
89 1 0
64 87 5
86 5 1
36 2 4
7 23 1
91 39 2
9 57 1
50 26 0
60 3 0
98 27 1
93 20 0
67 16 5
2 7 5
65 90 5
92 76 0
62 1 1
3 76 2
56 32 1
97 70 5
39 5 3
7 33 2
2 15 4
1 10 3
89 82 5
84 44 1
31 95 1
82 21 0
48 51 4
81 71 5
86 66 3
95 66 0
8 80 3
24 44 4
59 70 5
50 89 0
94 79 1
7 60 4
51 73 4
59 100 1
87 85 5
47 60 5
85 61 4
21 36 3
18 96 5
81 70 2
13 49 5
56 62 5
12 18 0
72 87 3
2 88 3
33 99 5
79 72 1
18 39 2
77 72 1
1 73 5
81 67 0
96 39 2
41 96 1
20 92 1
51 10 2
57 83 3
32 76 3
24 66 5
23 17 1
15 39 1
81 92 5
30 96 1
17 16 0
68 6 1
48 71 0
53 31 3
99 40 0
75 89 4
81 73 5
38 80 1
1 14 5
99 72 5
85 53 4
66 100 5
25 70 2
37 13 5
20 94 3
99 33 0
76 35 4
53 54 0
92 96 3
25 4 0
62 71 0
53 68 5
69 13 3
96 14 3
5 47 2
22 12 2
16 4 0
45 18 3
70 77 3
90 85 4
94 90 2
88 14 4
84 56 1
19 73 2
54 50 5
42 4 0
18 57 4
20 54 3
47 24 2
73 8 2
99 72 5
53 50 5
57 89 5
22 2 1
41 68 1
84 25 1
90 88 0
96 77 5
56 84 0
11 88 5
16 56 3
78 72 5
10 52 3
3 35 0
99 76 1
91 23 1
85 13 4
53 2 5
44 73 3
29 5 2
23 54 4
3 46 5
29 74 0
32 70 4
62 57 2
100 49 1
71 97 3
74 55 1
81 56 1
47 10 0
7 53 3
18 21 2
97 46 4
94 5 2
65 63 0
100 98 2
83 68 4
73 69 4
32 14 3
55 87 4
95 42 0
56 55 5
24 23 2
7 91 0
19 80 0
54 71 2
55 90 2
23 64 0
77 22 3
75 68 3
97 18 1
34 72 2
18 12 4
73 97 0
82 39 2
62 63 4
53 93 3
46 5 4
40 14 0
89 25 5
60 45 1
89 95 4
9 25 5
13 29 0
18 40 2
48 39 4
58 92 1
51 80 1
37 63 4
42 98 5
30 76 0
51 49 5
2 88 2
89 25 1
44 81 4
21 80 5
40 54 3
61 2 1
2 67 4
38 53 1
67 5 5
42 32 0
5 37 4
35 38 4
88 62 4
86 45 5
91 42 1
51 1 2
45 100 3
40 70 1
50 27 2
30 59 4
42 60 1
58 28 4
78 97 3
67 52 4
98 23 0
86 48 4
82 96 0
12 100 4
38 46 5
96 7 3
97 19 0
63 30 3
2 61 0
86 29 3
84 22 2
100 71 4
93 78 4
94 12 5
47 25 0
100 48 4
48 91 0
80 34 0
76 52 1
85 86 1
64 73 4
45 76 4
14 34 5
37 67 3
99 59 5
78 46 4
22 16 1
84 98 2
82 85 1
20 42 2
67 13 2
32 80 1
46 41 1
100 93 2
4 96 4
77 9 3
52 46 2
74 11 5
31 70 0
86 29 5
50 22 2
52 50 5
99 97 4
44 69 0
88 5 3
93 100 0
82 40 4
27 81 1
67 25 2
60 2 2
43 78 3
95 50 0
37 68 5
52 33 2
22 25 4
100 83 5
15 87 3
53 74 3
22 88 3
34 39 1
75 77 1
39 28 3
4 12 1
53 90 0
8 49 4
46 14 4
86 11 5
49 80 3
97 23 3
59 28 1
17 14 1
66 70 2
81 39 5
73 18 1
96 58 3
46 60 4
42 89 2
80 53 1
36 20 0
60 42 0
61 19 0
99 61 2
33 45 0
65 23 4
91 11 0
77 1 2
16 37 3
30 41 5
54 100 5
38 6 5
89 26 4
36 64 4
47 71 3
13 27 4
23 69 3
32 51 3
42 19 4
77 58 2
50 28 2
34 64 5
80 13 1
90 54 4
46 67 0
97 94 4
100 20 2
29 97 4
48 79 2
20 17 5
88 51 2
98 12 2
73 47 3
70 68 2
66 88 4
91 36 0
84 31 0
54 83 1
30 19 3
9 6 3
14 15 1
30 77 5
56 83 1
66 68 1
8 10 2
5 32 2
77 33 1
65 65 5
87 51 3
60 79 3
18 76 1
88 55 3
51 82 3
45 9 1
30 51 3
70 1 4
96 72 4
48 28 5
45 1 0
7 71 3
32 71 5
52 39 4
25 17 5
25 61 5
46 75 3
15 40 5
26 20 2
19 98 0
64 67 3
21 35 0
45 64 5
14 85 5
75 32 4
67 45 5
74 35 4
26 60 2
28 94 4
54 35 1
11 61 5
4 62 2
79 80 3
85 56 4
70 49 1
18 68 1
40 14 1
76 41 1
27 77 2
46 77 0
52 61 3
3 18 3
96 73 4
60 13 2
22 55 1
15 38 0
50 47 5
51 6 1
22 98 4
80 33 2
40 64 1
41 21 1
13 26 4
7 8 5
2 54 4
46 53 2
100 86 0
18 26 0
4 44 4
22 27 5
36 37 4
64 80 2
60 19 5
49 72 3
27 58 0
51 70 0
39 100 2
81 99 5
97 12 5
18 68 3
94 38 2
52 74 2
57 24 4
34 43 4
93 61 3
81 92 2
35 42 4
4 24 1
94 30 4
30 62 0
43 14 5
74 43 0
38 53 1
68 35 3
13 10 1
32 97 3
1 19 0
34 5 5
45 41 0
35 54 4
9 50 4
54 45 5
73 85 0
53 4 4
91 85 4
39 38 4
29 64 5
27 87 1
69 10 5
22 22 1
92 33 1
21 48 2
2 69 4
9 17 0
42 8 2
76 61 4
36 19 1
54 93 4
18 98 5
57 32 1
44 87 0
60 36 5
29 85 3
99 60 1
61 21 4
67 3 3
90 96 2
75 47 3
56 20 1
6 53 1
27 32 4
26 50 4
34 82 1
47 26 0
70 59 0
27 11 4
96 69 3
70 34 1
22 80 0
28 37 2
66 82 1
93 4 0
38 13 2
3 31 5
70 22 2
100 93 2
97 98 2
92 18 5
21 87 3
34 23 5
100 77 0
92 76 1
43 24 1
55 40 1
65 25 4
65 94 5
16 47 5
71 43 1
99 49 5
82 34 2
72 89 1
49 52 5
27 86 1
78 13 4
63 75 3
9 80 4
95 71 3
35 18 0
40 13 4
50 61 4
24 70 4
4 100 3
12 60 4
58 95 1
81 10 1
94 3 5
87 78 4
78 57 0
71 96 2
57 35 0
96 30 2
90 51 5
83 63 0
2 14 1
45 17 0
53 9 3
34 41 5
61 92 1
30 4 2
81 68 2
77 13 5
64 43 3
48 8 2
81 74 0
52 89 3
70 70 4
24 75 5
33 21 4
18 12 3
89 66 5
71 39 4
68 41 3
76 75 3
11 91 0
46 74 3
60 91 4
6 72 3
77 84 0
75 69 3
15 50 1
76 13 4
67 58 4
13 36 5
84 95 1
9 85 2
31 35 4
79 57 4
36 18 1
19 74 2
54 6 3
17 90 1
93 93 1
5 90 3
64 60 5
99 68 4
67 77 2
49 36 5
33 79 1
52 64 4
25 39 1
86 45 3
36 12 2
23 48 5
99 70 0
41 23 4
2 49 2
59 66 5
4 7 2
42 64 4
100 25 5
47 60 2
82 48 5
1 100 3
6 6 5
14 47 3
43 78 1
63 19 0
45 32 3
99 20 0
57 1 4
50 14 4
73 19 1
21 35 0
12 40 5
69 53 1
13 74 5
27 65 1
25 65 2
17 46 3
98 28 5
37 38 4
5 55 4
66 42 3
45 4 0
63 45 0
16 44 4
1 3 4
60 80 2
64 63 3
85 82 3
100 80 4
62 43 3
81 69 4
59 62 2
50 16 5
21 4 2
17 51 3
92 12 5
64 13 2
25 47 1
65 80 1
70 45 1
37 40 3
44 11 0
48 76 2
2 30 0
66 11 1
30 54 5
38 37 5
51 88 0
80 8 4
23 87 3
66 1 4
16 87 2
92 54 5
33 74 1
100 6 2
77 66 5
14 90 5
63 85 5
25 42 3
6 79 5
69 10 4
51 87 4
84 53 5
23 56 3
23 99 2
26 60 2
67 90 5
46 100 1
87 52 3
83 98 4
15 45 3
74 36 0
3 80 2
68 83 1
19 96 0
26 49 1
37 77 5
33 16 1
31 94 4
53 91 3
9 48 1
100 67 4
53 4 1
38 88 3
87 24 0
85 31 1
19 65 3
83 13 3
80 80 4
54 82 1
98 59 0
34 85 2
42 73 5
49 68 3
50 64 3
24 13 3
68 9 1
75 16 5
41 67 3
11 2 5
40 4 2
39 41 3
72 21 0
41 60 4
79 83 3
40 63 3
61 98 5
58 89 4
21 30 1
64 49 4
45 15 0
48 32 5
17 53 3
2 77 0
24 58 1
22 13 4
51 20 3
7 92 1
35 35 0
76 24 0
31 9 5
69 48 5
89 67 5
19 44 2
14 52 1
10 52 0
74 62 3
9 52 3
68 20 1
25 54 3
1 100 5
69 80 2
7 69 1
31 2 0
31 33 5
68 42 0
84 1 1
24 83 3
51 15 1
62 53 2
28 77 5
59 67 2
84 18 2
30 53 3
71 45 1
4 91 3
68 82 3
73 68 5
89 91 3
39 43 2
20 68 0
5 49 4
51 44 4
90 83 3
100 95 0
76 34 5
21 45 3
61 30 0
5 98 1
55 57 0
45 21 5
58 31 0
33 74 5
21 68 4
46 26 1
88 94 2
40 26 3
15 20 2
31 32 1
18 47 0
82 28 2
5 34 1
3 32 4
45 17 2
51 37 3
81 73 3
59 57 2
81 8 1
89 3 1
59 14 0
82 75 0
67 10 5
19 96 5
35 70 5
66 66 0
55 74 4
42 22 0
19 98 1
49 79 5
76 99 4
66 68 1
59 58 1
42 42 1
18 15 3
46 40 4
31 39 1
96 46 3
96 72 1
76 9 1
28 14 5
64 37 2
20 81 5
17 31 3
80 76 2
32 65 2
5 68 5
63 73 1
67 38 5
82 89 2
54 86 2
68 28 0
92 48 3
35 86 3
30 38 5
87 81 3
15 88 5
3 13 3
45 15 2
1 67 0
54 90 1
91 57 2
37 35 2
68 52 4
55 49 1
63 94 4
14 51 4
86 69 1
29 29 4
13 18 0
97 7 2
56 60 5
10 29 5
95 47 1
1 11 5
30 15 0
43 6 4
80 76 1
73 56 4
24 14 3
100 23 5
13 92 2
89 71 0
49 8 4
16 17 5
54 9 0
4 36 2
66 74 5
88 29 4
92 86 3
83 80 5
26 54 1
3 70 4
100 58 5
4 65 3
26 19 2
21 58 0
81 76 4
10 45 4
87 100 5
51 57 0
37 50 5
83 21 4
98 89 5
57 22 1
35 40 0
88 100 5
57 85 0
60 43 1
71 40 0
86 8 4
32 54 3
81 46 4
58 35 1
79 87 0
88 50 0
81 24 4
30 50 4
21 59 4
54 74 5
71 26 2
60 25 0
100 16 0
34 65 3
97 88 3
9 62 5
8 56 3
2 93 4
90 18 1
99 64 5
43 84 3
75 93 2
82 14 1
62 100 0
69 30 1
81 56 5
13 77 5
43 49 5
41 5 5
93 77 0
100 26 1
71 81 5
31 70 2
66 29 1
89 56 1
36 71 5
66 15 4
84 57 2
91 97 0
49 39 1
55 35 0
24 18 1
11 72 4
51 77 5
63 89 2
26 16 3
19 96 2
37 8 3
93 10 2
81 63 0
33 92 5
22 52 5
46 66 5
51 16 4
42 64 2
9 43 2
15 15 5
100 52 2
93 60 3
18 62 0
62 1 3
26 26 4
81 86 2
15 11 1
45 49 0
95 14 2
67 19 1
2 61 1
64 25 3
10 41 2
88 62 3
56 56 0
28 63 5
72 14 2
90 80 1
18 45 1
99 29 3
87 67 0
24 89 1
34 51 0
14 3 0
81 71 2
74 34 5
54 63 3
47 10 2
8 69 3
56 56 5
49 66 4
45 58 5
40 46 3
99 18 4
64 61 4
41 97 1
62 42 4
22 9 1
87 4 2
16 75 0
34 69 2
91 57 4
26 71 1
11 46 0
61 85 1
28 91 2
91 41 2
67 78 3
43 54 1
43 11 5
70 5 0
68 65 3
87 86 5
65 47 1
89 53 3
24 97 5
97 97 4
100 80 3
85 32 5
62 37 0
20 57 1
45 61 2
43 33 5
78 9 2
29 84 1
33 3 3
83 46 0
44 73 3
7 13 0
87 65 0
30 5 0
98 3 2
75 41 3
34 48 4
40 48 2
31 28 2
36 86 5
72 42 0
56 94 2
91 7 0
100 93 2
38 71 0
4 16 4
71 74 4
10 8 4
27 68 4
2 8 0
62 5 1
95 68 4
54 17 5
99 69 2
1 83 2
94 55 5
3 67 1
95 62 3
36 72 5
70 2 2
61 41 1
81 23 3
33 45 0
11 10 4
14 78 2
31 40 1
50 70 3
6 49 1
44 19 4
35 70 3
6 94 0
80 33 5
34 42 4
77 60 4
81 32 5
81 80 0
19 92 5
6 69 0
41 73 2
27 77 3
11 84 4
32 11 3
21 59 3
88 83 4
22 37 3
57 29 5
25 33 0
38 65 2
13 46 0
95 91 5
11 80 4
15 75 2
74 75 5
51 11 4
35 68 3
72 7 0
82 46 3
100 48 5
46 98 2
76 78 5
5 65 3
61 72 3
84 63 5
41 74 0
31 9 5
37 42 0
51 17 3
88 75 1
10 55 2
88 47 1
86 69 2
25 60 5
79 2 4
48 29 2
14 56 1
51 36 4
72 54 5
42 43 5
54 56 2
84 96 1
44 39 1
59 91 5
77 9 3
29 45 1
5 65 0
58 32 0
21 80 3
2 50 2
62 74 0
28 82 5
57 79 4
22 18 5
40 57 2
85 98 2
92 2 3
94 17 2
41 93 4
56 64 2
39 28 1
53 76 2
87 2 4
6 46 2
4 44 0
66 30 4
31 37 4
27 10 1
44 56 5
25 10 5
79 91 1
39 11 1
33 80 0
41 45 0
58 38 5
100 61 3
35 15 2
18 16 3
64 59 3
14 51 2
31 68 4
85 83 4
52 2 0
11 54 1
30 50 1
67 78 0
12 83 3
25 44 3
29 91 0
54 25 1
67 4 4
23 80 4
76 96 5
79 24 0
5 3 5
93 1 2
33 69 4
91 44 3
58 27 4
59 53 0
84 58 2
32 57 0
67 51 1
94 15 1
43 80 5
78 19 5
17 50 5
19 93 1
55 46 1
56 19 5
79 55 5
38 34 1
33 1 5
75 32 4
29 65 4
68 16 5
34 10 0
90 96 0
56 90 3
23 89 1
52 75 0
18 71 4
99 54 0
9 52 3
20 11 1
94 5 1
28 72 1
22 5 0
2 99 1
77 53 4
68 56 2
70 100 3
17 83 3
24 84 4
39 10 3
90 55 0
22 40 4
84 23 0
92 33 0
65 93 5
58 10 1
19 49 3
18 74 1
56 76 3
96 43 5
86 71 4
21 80 5
43 99 0
95 80 3
3 7 1
66 91 0
89 32 2
3 81 4
77 43 4
31 9 2
23 85 3
37 26 4
22 34 2
69 17 4
4 70 3
85 16 5
70 49 3
7 57 1
5 27 1
54 10 3
81 35 5
53 14 2
57 60 2
83 88 4
52 4 4
42 5 5
73 45 2
90 99 0
77 17 1
96 53 2
74 56 3
25 100 2
92 16 2
5 73 4
73 48 1
86 90 3
96 52 2
57 12 2
5 1 1
51 41 5
53 72 0
6 95 2
50 49 1
72 72 0
51 46 0
41 33 5
19 75 2
90 41 0
31 72 3
54 45 0
81 74 1
81 34 0
74 93 0
5 7 2
71 50 2
46 74 1
60 44 5
12 37 4
79 43 2
53 3 1
42 67 1
91 96 4
22 31 0
91 12 4
50 56 5
28 74 4
93 68 5
14 82 2
99 23 2
99 86 3
23 37 1
28 27 4
54 42 1
51 3 2
63 60 4
86 59 5
45 35 5
86 56 0
25 13 3
100 9 1
70 80 0
73 67 4
32 57 0
57 87 1
94 37 4
13 82 2
16 14 1
39 72 5
48 81 4
24 18 1
95 29 2
76 31 0
5 23 5
56 65 1
60 24 0
48 71 2
80 58 5
12 87 2
63 46 1
100 86 4
13 97 1
96 69 2
28 8 4
47 32 0
63 11 0
59 7 1
69 67 2
51 91 1
5 63 2
60 77 4
5 94 2
72 54 5
23 31 3
84 67 3
64 54 3
65 80 2
100 18 0
88 96 3
82 72 2
27 89 2
53 24 5
59 23 1
69 21 2
55 98 3
39 83 2
65 79 5
87 80 4
73 14 0
30 83 3
36 63 5
38 98 1
57 95 0
35 74 0
44 12 1
25 31 2
70 10 1
63 74 5
81 82 3
79 59 5
71 58 0
57 12 1
66 77 0
13 30 2
87 69 4
11 8 3
65 21 3
11 5 3
82 4 1
21 67 0
68 73 1
4 4 3
15 8 0
47 71 3
13 14 2
95 23 3
46 56 1
59 7 5
16 61 5
33 67 0
4 88 3
62 49 2
68 13 5
31 88 3
2 49 4
30 81 2
61 49 4
37 80 1
82 24 0
41 46 5
55 64 5
54 35 0
51 3 4
72 36 3
20 54 2
94 7 5
27 80 3
1 85 3
47 30 1
10 44 3
94 33 4
59 49 4
88 37 5
79 70 2
53 28 4
65 37 2
55 41 4
9 7 2
74 94 2
48 14 0
52 76 5
18 49 3
83 95 1
98 8 0
78 36 0
87 64 0
46 97 2
97 62 0
50 46 5
77 31 5
81 52 2
34 18 0
61 28 2
67 59 1
54 96 3
22 66 1
55 32 0
66 37 5
80 74 1
28 84 5
86 62 5
5 64 3
37 59 3
14 59 5
84 89 3
7 80 5
79 29 1
75 100 5
17 51 4
38 84 2
70 74 1
6 50 4
22 44 4
10 56 2
27 34 2
57 47 3
67 46 2
92 75 2
90 49 1
71 83 1
8 52 2
41 99 0
28 4 3
9 31 3
66 39 0
21 52 0
81 78 5
41 31 4
60 85 1
54 87 0
43 97 5
91 53 0
19 16 0
49 100 1
82 88 1
87 75 4
88 50 2
44 30 0
20 31 5
16 12 5
22 3 3
16 10 3
40 9 4
33 8 0
43 65 0
65 18 5
71 66 3
51 61 4
15 89 5
38 59 1
86 29 5
80 22 1
44 79 2
61 60 2
94 48 1
77 70 5
7 98 0
69 62 1
92 28 3
35 54 4
47 8 2
56 1 4
2 7 0
86 18 4
27 78 2
52 38 3
60 84 4
74 45 3
90 87 0
86 34 4
53 80 4
44 92 0
41 81 2
73 29 3
82 29 4
31 42 2
22 6 5
38 21 3
8 85 2
82 99 5
91 12 5
57 11 4
64 85 3
45 91 4
74 28 5
99 81 0
33 26 4
34 90 5
20 59 4
82 60 3
48 52 0
100 4 0
15 69 5
63 97 5
17 62 3
87 60 3
65 40 3
28 5 2
65 82 1
6 15 1
27 9 2
8 85 4
72 32 2
17 90 0
50 83 0
85 73 1
23 39 4
76 18 4
56 29 0
13 23 5
41 51 2
38 12 5
62 87 5
19 80 3
85 32 1
11 95 4
23 84 5
59 72 3
79 21 5
56 74 1
11 78 3
93 14 1
5 57 5
14 14 3
59 51 4
88 82 5
15 63 4
94 99 4
15 22 0
39 88 1
6 95 4
36 68 4
88 3 0
34 97 1
11 53 2
2 45 1
66 96 3
47 33 0
82 24 2
32 21 5
64 6 1
75 58 3
75 80 0
8 8 1
72 93 5
98 1 0
79 83 2
74 11 2
80 29 2
66 22 2
35 90 3
54 54 1
66 85 0
10 94 3
98 54 4
92 48 1
4 20 3
46 6 3
73 32 3
16 14 1
28 46 4
68 71 4
41 18 0
47 83 2
79 32 5
13 83 4
67 27 5
33 72 4
14 32 2
38 9 3
90 80 1
85 36 2
47 95 5
58 25 5
1 32 4
32 30 5
5 21 4
71 43 0
52 56 2
85 35 4
27 69 3
74 20 3
43 1 0
25 13 1
62 87 1
3 45 4
78 71 1
4 99 1
71 74 2
12 16 1
61 83 3
24 10 1
46 17 1
63 54 3
6 96 2
31 54 3
52 96 3
11 39 0
68 79 1
51 76 4
25 69 0
14 78 4
55 82 4
68 81 2
22 45 2
14 16 4
95 70 3
7 35 3
27 39 4
46 68 0
86 90 2
91 75 3
22 5 0
75 11 0
73 71 0
44 22 4
31 71 0
58 98 1
87 46 1
39 68 5
67 56 1
48 72 0
87 46 3
68 94 0
80 86 3
14 3 3
37 100 4
60 55 0
25 34 0
98 98 2
40 69 5
80 62 4
25 59 2
33 33 3
96 34 0
63 80 2
5 55 0
35 24 3
71 54 1
45 46 1
25 8 5
23 2 1
20 63 1
56 13 3
17 72 2
35 32 2
34 2 2
95 49 0
84 98 3
48 3 4
51 11 3
96 32 3
98 83 2
36 87 3
87 37 3
33 6 0
35 8 2
4 72 0
83 2 3
58 16 3
8 82 5
54 8 4
22 38 1
94 96 0
60 80 4
65 34 4
53 87 5
15 41 1
66 30 3
92 16 4
54 40 3
97 37 1
8 93 5
85 76 1
99 81 1
2 12 5
27 51 4
34 87 0
29 21 0
46 15 1
99 60 2
67 100 1
12 4 1
37 15 5
77 4 2
29 6 4
75 66 3
18 85 3
51 5 3
11 60 4
77 96 0
63 15 1
93 59 0
66 79 4
86 79 1
68 97 5
84 61 1
3 88 4
32 41 0
47 24 1
86 17 5
52 41 1
73 48 4
57 28 0
34 11 1
89 61 2
14 7 1
2 31 2
17 22 5
25 1 4
33 82 3
16 26 3
21 14 5
7 58 3
32 10 2
71 1 5
53 64 1
6 26 2
98 23 0
72 60 3
66 51 2
15 68 5
28 22 2
8 88 0
82 29 5
62 18 3
69 70 0
95 86 3
48 62 5
68 12 5
53 44 3
19 66 1
23 52 3
4 86 5
49 34 0
78 88 1
16 60 4
90 92 2
40 8 1
72 63 0
88 72 0
11 1 2
30 18 2
66 59 5
21 65 3
8 59 2
30 77 0
40 91 1
8 80 0
67 13 2
18 84 5
25 33 5
11 6 2
68 29 1
75 1 3
31 54 2
28 20 5
94 91 5
43 42 1
37 67 4
33 88 2
42 72 3
56 25 3
82 77 4
48 2 2
11 49 0
8 66 1
5 36 2
18 41 2
11 63 2
41 38 5
42 90 0
49 18 0
66 28 3
55 43 0
89 81 1
26 89 4
44 56 1
80 68 2
17 45 1
45 1 3
16 36 5
17 23 5
25 50 5
78 84 1
78 21 0
8 27 0
73 22 0
95 79 3
10 40 0
73 59 2
62 83 2
1 27 3
5 53 4
4 92 4
81 42 5
55 68 0
81 71 3
28 72 2
52 91 2
27 51 1
29 30 0
91 20 2
44 45 3
25 7 4
85 52 1
53 90 1
48 37 5
95 9 1
55 24 0
3 24 5
80 62 1
74 12 1
29 57 0
51 34 0
38 67 3
72 10 1
3 25 3
8 52 3
4 37 0
99 83 3
16 84 3
18 77 4
93 85 4
62 44 3
42 3 3
35 33 5
91 84 4
59 35 4
5 16 4
45 61 2
67 39 0
52 83 2
39 45 2
30 29 5
55 97 1
28 54 0
54 69 2
81 91 5
26 30 4
45 42 4
86 26 4
27 12 1
63 16 3
38 43 0
21 56 0
66 15 0
57 27 5
63 30 1
41 9 0
45 3 4
94 47 3
94 92 2
28 9 1
93 63 1
94 73 2
35 32 5
4 68 5
27 65 2
79 91 5
99 95 4
63 29 5
59 24 4
13 34 5
55 53 0
1 78 5
45 80 2
89 35 0
13 70 2
94 99 4
16 83 3
7 57 1
69 72 2
9 61 4
9 65 2
52 52 0
1 93 0
74 43 5
85 28 1
43 8 1
35 43 3
97 13 5
99 3 0
23 60 5
97 85 5
25 26 2
73 65 3
77 78 3
45 65 0
13 98 3
72 12 0
90 36 0
76 76 1
70 35 3
24 79 3
25 80 2
96 46 0
63 72 2
32 52 5
76 26 0
73 20 4
8 97 3
19 21 0
7 66 5
47 10 5
86 53 4
92 32 1
81 45 5
81 90 1
73 54 2
85 87 2
34 98 3
6 43 4
22 74 5
62 17 4
54 93 1
56 40 5
4 16 4
80 39 3
13 61 5
40 10 3
91 11 4
5 90 0
82 7 4
73 21 1
79 40 1
20 26 0
97 67 1
33 6 5
44 92 2
53 89 5
6 45 1
36 71 1
68 42 2
20 83 4
2 45 5
88 37 4
77 32 2
4 98 0
66 88 4
21 45 4
6 47 0
99 25 5
21 75 2
66 4 4
37 51 1
52 51 0
2 46 5
43 100 2
28 92 3
68 33 2
18 55 4
99 79 1
88 95 4
20 79 4
33 43 1
66 54 5
22 85 1
75 34 1
46 5 5
42 44 1
38 44 4
27 6 5
96 77 3
44 31 0
33 23 2
66 82 2
47 7 3
53 70 1
27 47 1
96 66 2
4 22 3
65 23 2
25 20 3
36 8 0
84 50 1
54 5 2
92 68 0
68 32 5
37 100 0
22 56 4
47 24 4
22 58 3
3 92 4
55 95 1
91 20 4
71 87 2
33 73 1
77 3 5
99 8 5
89 95 4
26 9 0
4 95 0
35 71 1
12 42 0
80 70 0
45 12 5
96 83 4
19 13 3
87 10 2
53 20 4
43 53 4
29 38 2
2 39 2
75 70 3
95 42 2
63 19 4
31 90 4
89 60 5
49 16 1
51 58 5
13 89 3
93 57 0
52 99 2
49 1 1
47 75 1
48 65 2
62 15 4
46 94 0
92 90 5
82 27 5
40 69 1
87 97 2
74 24 2
23 56 1
3 55 3
66 64 3
13 85 0
94 4 1
39 74 0
72 43 5
66 5 2
35 73 0
66 26 5
19 92 0
55 39 2
17 49 2
40 80 1
96 63 0
66 9 0
95 65 5
13 11 0
7 34 2
53 33 5
7 22 3
68 28 5
80 52 4
77 55 4
4 96 0
9 54 4
21 5 0
98 69 0
85 86 4
4 28 1
52 50 2
1 21 1
15 66 1
20 9 1
77 87 1
37 72 4
65 52 3
83 82 4
46 79 2
37 81 3
6 10 0
42 99 2
83 51 0
42 28 5
18 67 1
18 53 1
89 86 0
90 67 0
73 40 5
61 61 1
38 97 3
29 97 0
2 64 1
23 86 3
61 9 3
22 5 1
26 8 4
93 98 0
12 81 2
52 83 1
75 94 5
41 100 1
10 33 4
75 77 5
63 41 0
2 91 3
31 20 5
74 71 5
5 71 0
2 29 4
25 88 5
63 67 5
80 8 4
41 51 3
97 7 1
50 22 2
90 16 4
27 26 2
61 40 2
12 87 0
27 51 5
70 6 5
43 42 1
31 73 4
66 47 3
44 23 0
1 6 5
33 17 2
54 98 5
87 74 4
89 8 3
56 39 3
18 81 1
2 6 2
38 7 1
91 42 5
4 1 5
8 40 5
22 85 0
23 19 5
34 12 0
87 46 5
21 3 3
61 53 2
94 30 3
60 17 0
16 75 4
95 99 5
62 69 1
75 70 2
68 23 5
19 68 4
5 60 4
67 24 2
81 44 0
55 41 5
84 80 2
91 78 2
75 22 2
26 49 0
51 2 2
100 53 2
18 86 2
26 30 2
75 100 4
73 54 0
57 31 0
41 56 3
75 98 1
8 79 4
74 74 5
66 40 2
32 43 3
44 25 3
94 10 5
38 28 4
38 85 3
97 62 4
45 55 3
95 45 4
60 72 4
94 90 0
98 44 0
87 94 2
90 81 0
45 63 1
98 10 1
71 41 5
25 49 3
50 61 0
59 74 1
37 14 5
21 86 2
95 43 5
18 15 2
51 13 5
90 45 3
94 90 3
41 12 1
61 67 4
26 72 0
96 12 3
55 42 1
16 8 4
42 95 5
59 63 1
65 61 1
4 48 4
75 40 5
31 50 4
4 15 2
48 79 4
73 17 2
20 37 4
48 42 2
25 97 5
99 27 3
5 60 4
29 36 1
83 63 5
48 24 5
1 3 2
13 40 1
30 12 2
29 9 0
83 52 0
32 61 2
99 51 1
81 87 2
91 72 0
82 21 0
62 20 1
39 46 0
97 99 1
30 44 3
64 44 2
64 37 4
21 77 2
72 13 1
81 32 5
82 85 4
32 44 2
54 30 1
80 18 4
7 8 4
30 39 3
58 57 3
76 35 0
34 94 2
85 3 2
34 92 2
91 51 1
86 37 5
52 99 4
65 12 5
99 70 5
17 18 2
64 65 3
6 36 1
42 96 4
4 46 2
15 11 4
80 68 2
95 59 1
36 76 3
96 26 4
61 71 4
71 95 2
26 96 1
47 31 5
72 35 0
96 4 1
93 46 1
93 19 5
50 94 4
27 29 3
79 16 4
85 77 5
55 53 5
36 72 0
6 35 3
99 33 4
77 52 4
77 56 0
23 50 2
12 9 2
42 54 1
70 25 5
80 67 5
23 100 5
8 10 1
53 78 5
100 36 2
74 52 1
62 93 1
65 94 1
91 84 5
97 90 5
81 59 0
69 82 1
37 72 3
85 23 5
84 89 2
50 3 5
84 22 3
39 86 2
77 47 3
5 74 0
30 58 4
71 36 1
4 68 1
13 8 3
85 59 2
51 5 0
80 21 0
19 5 3
69 85 4
19 18 3
87 87 5
85 67 1
12 80 0
63 57 3
18 42 2
73 19 5
69 81 0
4 34 4
76 44 4
63 13 3
26 60 1
29 20 2
52 65 4
60 3 1
91 98 3
53 40 2
79 79 2
69 61 1
36 18 3
28 81 2
72 90 2
66 71 5
19 31 0
5 15 0
73 8 4
92 29 3
69 74 2
68 40 4
76 97 2
99 5 0
26 39 5
83 32 1
83 94 4
66 74 2
21 31 4
75 29 2
59 13 3
98 22 0
59 15 5
71 94 1
4 23 5
49 26 2
15 62 1
93 24 1
78 84 0
92 51 4
94 54 1
44 29 2
43 45 3
81 57 0
85 50 2
85 13 2
24 44 0
82 37 0
7 8 4
29 3 0
74 29 4
19 77 4
2 39 4
78 74 4
32 63 4
6 79 2
96 27 2
73 63 4
71 70 2
77 74 3
29 51 1
48 56 4
81 38 3
38 92 1
32 91 0
61 35 2
95 54 4
19 23 2
78 68 0
49 39 4
21 75 4
26 95 5
92 57 2
14 67 4
30 20 3
42 20 2
19 54 3
100 92 2
49 89 3
43 34 2
83 35 5
13 27 1
1 83 4
69 98 3
4 13 1
40 17 0
33 98 2
53 18 4
53 83 2
10 71 5
5 50 1
82 19 5
54 82 4
3 17 1
77 94 2
93 51 1
65 43 1
13 12 5
78 57 3
74 67 0
61 91 3
83 100 2
38 55 0
68 63 0
37 88 1
41 15 1
4 34 5
79 37 3
58 80 3
99 51 1
42 74 1
93 41 3
28 75 3
4 94 1
10 32 4
53 32 1
33 33 1
20 90 3
30 83 5
32 55 2
3 62 5
41 59 0
29 14 0
23 14 0
56 12 5
19 89 3
68 30 3
69 62 0
84 59 4
86 12 2
81 38 3
43 35 2
11 93 2
44 97 4
12 74 3
52 73 2
100 25 2
4 56 1
70 3 4
4 43 2
26 66 0
99 91 5
46 36 3
37 34 0
12 26 3
27 94 0
88 33 2
40 90 4
68 19 4
73 35 3
26 24 1
46 28 3
4 78 5
50 72 0
41 59 5
68 3 0
11 59 1
45 58 1
5 17 2
43 91 4
91 54 0
6 68 3
73 36 3
22 25 4
72 93 2
55 21 3
54 34 2
8 80 5
87 46 5
57 46 3
60 7 4
55 3 0
32 54 3
84 12 0
3 63 3
5 61 4
22 64 4
96 30 3
6 17 3
50 2 1
24 39 2
24 28 3
34 62 2
98 78 5
41 7 5
11 99 3
57 47 4
37 57 5
33 69 4
28 44 2
23 11 4
35 15 5
65 55 0
19 82 2
32 23 4
23 49 4
35 94 4
53 14 5
90 56 3
78 35 2
81 41 4
27 23 0
88 29 1
22 98 2
45 47 3
19 14 1
97 90 1
80 89 1
16 72 1
74 7 3
95 12 3
12 95 1
16 36 2
69 64 1
65 79 0
64 89 4
55 98 3
51 76 0
61 72 5
49 48 3
79 14 1
21 42 5
96 92 2
43 3 4
51 78 1
97 60 1
76 35 0
67 89 5
84 4 0
61 51 1
59 100 4
32 85 3
83 2 1
57 76 4
13 96 2
56 2 4
73 97 3
12 3 1
56 30 4
87 96 3
28 48 1
41 34 2
40 39 1
83 40 5
60 23 5
60 78 0
44 16 5
41 29 0
51 30 2
88 34 2
79 30 3
28 96 0
77 63 2
2 32 3
92 46 0
84 64 5
43 73 2
11 48 2
56 56 2
23 22 2
82 48 0
84 72 3
99 93 0
80 86 5
87 50 1
99 29 5
24 42 5
58 48 1
66 80 2
14 26 4
47 54 0
42 42 2
32 38 3
97 84 4
47 42 4
3 77 1
36 100 5
93 78 3
21 12 4
17 78 3
51 22 1
3 68 5
30 81 4
21 59 2
100 94 0
98 81 5
94 28 4
19 37 5
85 86 4
45 95 1
26 47 5
47 47 4
68 20 1
29 99 5
19 46 1
1 17 5
31 80 1
16 58 4
45 98 4
8 84 0
72 41 4
15 45 5
28 80 3
99 29 5
86 3 4
53 90 4
96 40 4
76 44 2
52 55 2
95 75 4
24 89 3
78 4 3
60 19 1
62 51 5
35 91 3
51 42 2
34 62 3
39 73 3
26 75 5
93 51 5
29 38 4
24 76 5
8 94 4
6 20 3
66 54 2
96 11 5
14 93 1
20 16 2
13 90 1
17 93 1
8 76 0
35 15 2
80 41 1
14 85 3
76 20 4
52 33 5
37 81 3
72 74 3
35 22 4
75 23 3
83 71 1
100 65 1
73 22 1
45 29 2
96 95 1
73 52 2
19 13 3
58 69 5
34 75 3
14 78 5
41 83 4
94 16 0
89 16 3
28 81 5
23 43 0
5 6 0
65 38 2
24 20 2
6 83 1
47 72 2
18 29 5
35 18 5
60 90 0
57 35 2
97 89 3
42 32 0
49 21 0
2 21 1
12 2 2
69 85 1
97 81 1
83 64 0
34 69 3
85 49 5
54 1 1
45 33 2
65 100 5
5 45 0
99 35 2
20 21 1
91 96 3
63 4 5
27 98 1
100 30 1
72 61 1
11 12 2
53 35 1
16 12 2
75 90 5
4 1 0
4 27 1
8 41 1
85 61 4
41 93 1
76 73 0
90 42 0
54 43 2
36 93 4
79 100 4
72 42 5
65 45 2
4 78 4
75 97 2
55 82 0
44 13 3
28 44 2
73 4 0
40 77 0
21 75 1
1 72 4
96 96 4
54 63 4
93 80 5
4 41 1
76 41 0
3 19 1
43 17 4
79 5 5
79 39 4
56 16 0
55 38 0
87 49 0
12 40 2
82 10 0
54 18 0
1 76 4
10 20 5
62 8 3
69 31 0
27 31 4
41 11 1
84 2 1
32 24 1
83 61 1
17 2 5
50 33 3
64 78 0
5 97 0
51 27 4
4 2 0
72 33 3
44 80 1
93 31 2
84 44 0
25 82 4
9 57 0
81 14 2
66 33 5
32 28 4
79 84 1
43 69 2
10 62 3
80 5 1
63 43 1
61 60 3
93 90 2
41 37 3
97 26 2
76 24 2
96 11 0
2 81 1
3 81 0
13 87 5
3 50 0
35 54 2
65 46 0
92 23 2
59 98 3
10 29 1
49 95 5
33 2 0
59 73 5
26 85 0
52 84 1
98 44 2
57 92 3
55 64 0
88 7 4
31 19 4
57 26 3
83 1 3
85 96 0
9 17 0
26 59 3
18 2 4
54 27 4
2 36 0
27 42 5
99 80 3
34 82 4
52 74 3
45 86 1
12 80 5
87 11 3
87 35 5
44 98 2
20 5 1
98 64 5
16 77 2
46 37 3
98 4 4
84 63 3
22 35 1
14 67 4
100 15 0
51 45 1
5 18 3
59 74 2
49 21 2
3 93 0
17 15 4
27 43 3
20 18 5
94 30 5
61 80 3
96 83 0
21 33 1
75 44 1
56 47 3
19 7 1
71 76 1
62 39 5
83 34 3
67 64 3
65 36 1
1 86 3
100 9 1
64 46 2
34 77 4
7 92 2
94 82 5
47 56 0
17 41 1
6 17 4
35 50 1
43 19 5
18 39 5
42 2 0
27 60 4
61 46 0
2 31 1
7 10 5
71 89 2
82 64 3
21 17 0
24 16 4
76 62 4
52 34 3
3 89 3
84 100 4
85 35 5
94 58 0
99 75 0
98 70 2
21 98 0
21 33 0
98 100 1
41 63 5
43 98 5
47 73 0
12 63 2
47 13 2
3 40 1
71 79 5
80 22 2
3 7 2
62 1 4
10 15 5
26 68 2
7 70 2
72 74 4
1 56 0
95 16 0
18 36 1
65 54 1
46 99 2
93 41 5
26 22 3
63 28 1
78 83 2
92 31 2
43 8 0
16 34 3
3 6 2
95 55 2
84 69 3
20 24 0
17 65 0
52 96 3
33 81 2
14 47 4
15 57 5
27 100 3
74 60 0
62 92 1
100 77 4
9 39 4
14 32 0
58 9 5
81 26 2
74 16 0
33 46 4
34 42 2
79 74 4
43 29 4
86 84 5
13 80 3
43 84 0
69 31 5
99 4 0
72 13 3
44 54 4
11 70 3
76 85 3
19 92 1
44 46 0
86 60 5
38 44 4
64 3 4
53 52 5
25 79 5
53 29 3
38 62 3
81 20 4
60 28 2
35 93 2
38 87 3
38 48 3
46 38 5
43 19 2
15 48 4
88 16 0
60 29 3
96 54 3
92 11 5
15 97 0
60 49 4
48 5 1
76 30 1
81 97 2
32 36 0
28 52 3
69 19 4
64 16 3
49 27 5
37 45 0
98 39 2
15 26 1
66 3 0
32 23 3
27 28 5
15 78 3
11 96 4
3 14 2
74 96 3
3 83 1
11 33 2
2 27 4
40 63 3
57 75 5
62 73 2
25 28 5
3 63 4
58 89 4
99 74 0
99 53 1
97 5 3
44 30 2
98 81 2
14 43 5
27 79 1
39 3 1
8 49 5
74 1 1
1 37 4
83 11 5
62 94 2
20 14 0
81 73 4
87 49 3
34 76 4
23 25 2
79 20 5
58 26 4
83 58 1
83 69 2
82 38 3
44 57 0
55 93 5
36 71 2
55 73 5
29 81 5
45 35 2
65 35 0
42 59 4
75 35 1
62 16 0
66 39 0
20 31 0
59 48 5
48 95 3
7 51 2
93 38 5
93 45 4
98 76 4
13 97 0
6 61 0
52 80 4
80 56 1
65 99 3
97 31 0
32 15 2
85 41 2
18 85 4
36 74 2
27 38 2
42 30 3
74 4 4
83 76 2
87 54 2
34 10 2
7 62 2
37 10 0
89 14 4
71 88 3
9 8 5
90 67 0
48 12 5
65 40 3
56 13 0
8 53 3
23 83 0
48 62 4
41 73 3
89 65 2
44 63 2
66 70 4
96 21 0
26 38 1
65 18 1
41 73 4
37 12 5
1 13 3
82 73 5
47 31 2
24 50 4
12 60 2
18 92 2
7 55 2
39 51 1
46 20 4
51 94 0
36 7 5
3 91 3
74 92 2
57 92 3
98 98 0
75 75 5
10 78 5
5 99 1
98 19 2
40 56 0
97 10 1
27 87 3
57 49 4
13 50 4
7 33 3
27 38 5
49 29 2
57 69 1
78 94 3
34 17 0
62 1 0
39 62 4
30 45 3
41 74 0
1 1 1
54 87 3
11 24 3
47 91 2
33 3 3
71 4 5
81 45 3
30 65 1
41 58 0
96 10 4
24 93 4
69 100 2
49 36 2
20 10 3
9 74 4
5 32 3
23 16 5
24 53 2
9 12 4
42 59 1
16 56 3
97 26 5
63 76 1
6 34 1
36 62 2
16 48 4
59 6 2
27 10 1
17 44 1
23 15 4
46 94 3
18 78 0
69 96 1
62 54 2
89 73 4
35 94 5
45 27 3
62 60 2
59 5 1
81 23 3
98 9 5
92 38 4
20 22 1
49 93 4
13 29 1
70 78 5
73 78 0
27 34 0
97 49 1
71 61 1
100 73 2
29 86 0
89 78 5
7 84 4
100 33 4
49 89 0
7 34 3
64 11 5
22 57 0
13 65 3
65 11 5
61 82 0
59 17 2
90 100 0
56 46 4
24 27 4
72 86 3
22 22 1
81 44 4
89 26 0
6 47 0
86 100 4
24 31 1
61 7 1
64 28 5
52 98 5
6 5 5
95 51 3
79 37 1
46 47 2
20 13 0
13 41 5
34 25 0
81 15 3
42 15 2
4 23 3
12 8 1
61 57 4
78 33 4
96 87 3
53 1 2
33 36 3
53 52 4
59 88 3
2 1 0
86 32 5
92 5 1
70 76 1
62 72 3
26 7 2
21 44 5
95 94 4
97 40 0
49 100 3
29 60 3
100 51 5
50 49 0
14 48 3
2 63 4
93 26 5
73 62 1
1 35 0
56 88 2
60 54 4
6 64 2
62 43 1
37 17 0
2 73 2
85 90 0
40 40 2
8 5 3
45 12 3
60 80 1
55 76 1
58 32 3
59 63 0
99 64 4
81 87 0
43 11 2
38 70 1
27 28 3
8 45 5
82 97 5
14 41 1
61 33 1
81 18 1
82 36 0
97 29 4
47 39 5
79 8 1
16 53 2
71 19 2
25 10 2
36 91 3
56 44 0
13 72 4
91 5 1
38 56 4
25 92 3
11 36 2
31 55 3
1 48 4
23 80 2
68 39 0
76 5 3
76 29 1
9 81 1
61 91 5
15 86 1
34 51 0
100 53 5
72 94 5
50 75 1
17 56 0
96 1 0
75 5 2
85 57 5
11 57 5
68 80 4
7 47 0
54 74 2
63 8 5
22 12 0
20 90 3
91 34 1
65 68 2
2 56 0
20 84 3
14 58 4
63 85 4
36 51 5
79 4 3
93 41 3
55 66 2
65 15 2
66 34 3
61 85 4
23 70 1
85 41 2
64 34 3
26 84 1
64 35 4
19 50 1
20 50 0
79 55 1
26 2 5
35 46 1
38 44 3
55 50 1
50 86 3
23 37 2
56 41 1
18 94 5
45 69 5
77 58 5
57 76 0
20 24 5
52 40 2
17 69 4
40 80 3
88 92 0
22 51 3
87 88 4
92 25 4
8 18 5
67 30 3
11 29 5
9 29 0
99 52 0
41 99 1
97 89 5
30 60 5
32 50 1
68 32 5
80 38 2
34 52 3
26 29 3
6 76 3
62 63 1
44 71 2
82 6 4
8 51 5
97 95 2
32 33 1
69 23 5
84 29 3
18 65 1
80 32 5
50 76 3
32 82 4
98 55 5
45 22 2
89 75 2
41 15 2
88 51 1
76 5 3
93 67 3
98 33 5
96 6 0
51 83 3
71 4 1
66 63 1
52 32 3
73 21 2
87 82 0
55 89 0
64 43 5
49 80 5
81 30 4
16 20 3
31 5 2
100 94 0
75 33 2
44 77 2
11 97 3
81 14 1
12 1 5
37 81 1
93 6 5
21 6 0
64 76 4
35 47 0
94 50 5
77 75 3
36 96 4
52 22 5
74 27 0
96 27 0
11 96 0
14 85 1
79 62 0
32 19 3
1 71 0
16 13 5
61 74 2
60 87 5
70 66 5
47 87 3
66 37 3
3 27 3
61 25 2
12 22 0
61 96 4
62 40 5
55 11 1
55 86 1
45 4 3
51 8 3
95 92 2
15 77 5
47 99 4
82 95 5
19 75 4
47 18 5
24 12 1
29 91 2
40 16 3
73 17 0
59 27 1
16 17 3
2 45 5
93 25 0
74 59 4
6 63 0
30 3 3
61 14 1
74 81 2
10 26 3
29 20 2
96 18 5
71 40 0
4 100 0
55 75 0
16 89 0
93 47 0
53 65 4
4 10 5
71 19 0
26 50 2
56 99 5
65 78 4
89 88 1
2 70 0
52 26 1
4 27 0
38 39 1
57 32 0
78 80 0
53 71 1
9 39 2
54 42 3
51 3 5
2 22 0
80 94 5
55 71 1
71 84 4
63 81 3
64 96 2
19 9 3
54 48 2
95 31 0
58 10 1
75 98 4
40 89 1
98 69 5
78 23 0
29 77 5
100 59 0
43 63 4
96 2 2
82 56 3
61 73 3
95 53 4
78 77 4
33 24 0
42 58 0
9 74 4
99 18 4
56 46 2
66 54 2
12 93 1
43 13 2
93 26 3
18 80 2
41 28 5
56 85 5
70 48 3
65 73 5
11 32 1
70 43 5
7 71 1
25 1 1
23 4 3
47 57 4
53 42 4
85 65 1
60 12 4
99 75 1
3 84 0
30 3 4
4 7 1
25 65 3
80 37 5
57 53 2
49 83 2
72 30 5
99 95 1
97 53 5
33 58 2
89 73 1
62 80 1
91 85 5
75 39 5
93 58 1
40 44 1
50 47 3
6 77 0
82 21 2
84 76 1
44 78 0
93 75 3
14 29 2
33 12 1
75 74 3
1 44 5
19 37 0
65 22 5
60 13 1
67 35 2
40 56 5
42 47 0
27 97 2
88 13 1
80 79 2
19 18 3
37 81 4
22 45 2
97 92 3
25 43 0
62 98 5
80 58 1
80 71 3
52 30 5
62 26 2
12 1 1
25 98 3
47 90 5
94 55 5
11 51 3
48 49 5
71 79 3
39 46 0
16 22 5
34 38 4
89 12 2
70 12 4
67 61 3
52 16 2
76 96 3
94 8 2
7 25 0
76 17 0
77 73 0
21 21 3
40 43 1
36 97 3
96 29 5
62 77 5
13 88 3
67 20 0
26 21 1
91 37 3
32 45 5
19 16 4
78 50 2
17 55 2
47 21 0
70 18 0
6 23 2
58 69 2
98 90 2
30 23 4
4 66 3
24 20 2
98 15 1
49 8 3
25 92 3
77 13 4
89 58 2
84 61 5
12 15 0
1 55 4
98 94 1
71 95 4
59 15 2
26 74 3
98 65 4
8 81 3
11 85 3
24 59 0
60 69 3
16 16 5
31 33 3
58 7 0
21 94 1
23 55 1
74 62 0
66 86 0
36 55 5
41 76 0
72 87 4
28 94 3
75 26 1
58 10 1
2 82 4
93 46 0
82 55 5
45 77 5
74 80 1
85 76 4
36 41 5
55 33 2
58 50 3
46 30 5
27 7 4
47 25 2
61 33 4
26 32 2
76 10 3
83 29 4
65 10 1
51 9 3
68 69 3
18 17 1
65 15 0
65 31 2
14 10 1
41 18 3
61 88 0
97 25 3
68 98 1
6 7 3
42 31 1
96 30 4
48 79 1
72 69 5
62 11 5
91 19 4
77 21 2
8 58 4
76 87 4
80 67 2
43 68 2
95 81 0
9 90 1
75 39 2
68 51 4
67 53 4
27 6 0
5 2 5
67 71 1
75 73 2
63 95 0
89 46 5
76 95 4
94 14 0
22 9 3
96 62 0
44 42 5
53 7 1
73 21 4
40 56 5
34 81 4
45 60 2
35 57 2
84 35 3
59 28 2
71 10 3
90 13 3
30 34 0
68 72 5
9 99 1
25 68 5
31 25 0
82 4 4
4 2 2
44 11 3
13 38 1
6 29 1
11 79 5
62 35 2
30 54 0
72 98 3
35 63 0
70 39 4
36 8 2
14 72 4
22 11 5
23 16 2
57 96 2
2 82 0
49 17 0
88 13 0
13 41 4
75 52 1
90 52 5
8 5 5
2 51 3
70 71 5
20 24 1
25 42 2
19 67 0
59 87 4
63 51 1
54 10 1
27 51 4
6 63 2
77 59 4
22 92 4
39 64 0
41 65 1
47 58 0
8 66 0
93 100 1
69 59 0
39 3 2
75 46 1
37 6 2
99 96 4
27 92 2
48 10 1
92 64 0
46 4 1
31 31 2
74 81 4
34 99 0
3 42 3
18 75 5
86 57 0
11 60 2
46 76 4
86 43 5
62 81 1
7 73 2
93 66 5
5 11 1
59 65 0
53 43 3
36 31 4
20 56 1
85 48 2
6 82 0
50 87 5
100 1 1
40 98 2
69 22 5
56 22 4
36 67 2
81 17 2
79 21 3
30 46 1
51 99 2
97 40 4
16 1 1
35 69 3
12 43 0
43 33 3
53 5 3
18 86 0
40 61 1
3 26 4
70 58 5
47 59 0
40 63 0
18 86 3
35 35 2
32 62 4
78 83 1
94 74 1
59 66 4
60 21 1
57 2 2
16 38 1
21 11 4
15 41 5
50 2 2
100 95 3
55 48 2
63 76 2
72 42 5
6 34 5
99 6 4
95 54 3
80 11 5
12 5 3
83 78 0
23 44 4
35 94 4
37 53 0
98 18 0
36 82 1
54 78 1
50 50 2
12 69 0
75 88 1
77 9 3
43 78 5
4 50 5
30 38 3
45 37 5
84 100 3
74 30 0
8 66 3
63 14 1
42 10 4
71 97 2
42 16 4
28 23 3
91 53 3
42 71 5
49 6 5
61 4 2
74 20 4
6 7 2
96 42 3
14 16 3
49 50 3
42 29 3
53 59 0
74 66 0
6 66 0
17 16 5
49 37 5
21 46 2
13 17 5
15 19 2
96 58 3
67 30 4
21 11 0
14 45 4
17 83 2
4 7 0
55 91 1
87 100 3
12 5 0
69 37 5
14 31 3
10 17 4
4 46 5
29 59 2
33 50 5
60 76 5
34 2 0
47 90 3
61 100 3
88 25 5
10 50 1
82 62 1
68 95 2
37 1 5
33 16 2
70 38 1
64 44 1
36 34 2
41 50 1
17 13 0
13 8 3
45 3 2
82 46 5
1 11 5
59 80 3
23 85 5
19 75 5
17 48 1
35 80 0
73 45 5
88 18 5
43 21 1
14 21 5
61 53 2
50 19 1
29 69 1
65 21 1
59 77 5
24 64 5
15 1 1
4 66 1
8 25 2
2 40 0
96 83 1
6 61 1
77 57 5
98 17 5
3 28 2
100 75 1
26 50 3
34 64 1
44 85 3
44 52 1
35 55 1
90 41 5
12 46 2
91 39 4
79 50 2
22 1 4
26 36 1
37 27 1
87 60 1
34 54 3
70 95 5
74 39 3
34 61 5
66 14 1
84 66 5
41 72 3
49 81 4
93 45 4
44 71 2
49 29 4
15 74 3
58 87 2
81 39 2
42 96 3
82 10 5
49 72 3
78 61 0
79 52 4
34 13 2
80 23 0
48 58 5
84 59 4
47 89 1
87 71 1
96 31 3
16 5 5
64 23 5
32 49 1
8 34 3
59 47 1
