100 1000 7 1000
18 7 5220
35 92 74100
8 53 9264
59 25 73183
99 90 76340
37 18 63752
20 73 57052
38 53 62432
6 84 5456
63 14 83854
53 1 35529
98 46 48348
44 82 61007
6 61 5692
87 44 68022
38 69 75949
37 86 70241
59 1 63264
59 2 70125
73 41 27762
39 92 33770
15 74 92497
66 36 69610
57 25 66043
55 81 36087
83 15 44533
26 7 83946
43 2 12400
81 13 79917
67 69 67145
20 65 41697
58 30 74712
46 65 89835
77 19 45195
37 77 56781
66 57 32707
33 97 72123
98 43 12173
58 97 75484
70 71 70143
99 98 3089
41 100 24910
42 84 29503
84 99 36138
43 55 71546
54 17 26068
63 80 80356
91 27 89938
96 16 80115
77 85 79052
9 30 15035
33 94 75265
79 92 56798
51 52 73204
45 96 46267
3 97 94203
89 52 57675
80 58 92489
78 33 41993
17 93 56835
72 46 78426
75 65 35160
73 10 9296
38 84 49407
51 7 83252
60 19 2562
96 1 84266
55 67 86429
64 43 91243
78 80 68109
100 84 52606
86 58 30799
63 62 49846
93 6 61736
70 94 84526
60 55 9705
33 67 32025
32 48 42550
61 95 21021
30 8 35557
46 50 95246
68 11 49164
38 87 1714
74 33 9731
67 59 87819
67 56 65212
55 21 60569
80 47 33778
84 4 75080
72 40 55932
24 51 2201
10 46 39688
76 17 52341
14 90 85974
43 20 37408
55 37 6041
23 26 8460
62 29 75407
26 92 28733
3 58 90591
39 74 63176
17 37 84781
67 57 55778
6 24 4593
90 4 42297
59 75 46174
50 95 66313
88 84 58983
99 71 6755
29 6 18929
20 36 92476
32 17 19008
27 11 37192
42 54 51625
95 25 36544
6 16 50727
80 59 93319
48 69 88564
37 92 51781
7 72 87062
24 2 30107
20 15 64732
26 55 85477
72 2 8425
41 15 81401
2 87 56218
57 26 12531
6 10 28401
5 15 34798
64 100 54336
42 92 98671
97 46 30222
47 73 2065
17 41 21647
74 25 53465
42 91 84245
38 35 13309
21 73 33760
3 43 54342
89 40 20451
58 19 63347
78 13 2466
86 76 36507
64 98 67977
5 30 87210
52 34 46010
92 21 74248
68 96 95466
90 24 12299
4 30 36821
4 10 58603
71 98 62312
15 42 17031
78 85 12144
43 49 88426
95 15 50433
53 23 41092
78 7 32541
57 78 45850
9 43 50699
94 98 28682
14 57 70390
93 22 23393
39 88 97269
69 53 55386
68 88 90651
5 63 68285
49 34 53127
39 67 50653
57 12 55881
12 29 59960
7 88 41961
61 36 20402
35 46 7099
53 61 66811
1 27 54697
31 5 90243
8 3 90007
64 19 31781
44 4 98310
18 93 35193
45 18 42257
67 6 30039
39 16 75590
8 4 60935
39 82 62243
66 39 37745
68 48 40868
74 71 16071
89 23 78738
89 25 3467
3 37 82992
16 51 60136
1 91 78020
51 75 18300
73 3 59126
64 26 34119
67 73 666
61 63 8387
35 47 56289
88 78 25986
73 1 20008
79 83 44631
40 35 71588
13 58 25201
94 41 26685
65 82 36091
80 17 55946
43 76 53692
49 60 27205
73 16 89576
92 16 9657
56 88 33172
37 100 47881
19 65 49860
75 17 7149
94 32 54031
66 64 11821
50 45 56714
70 12 5213
38 56 61239
78 65 99656
69 15 21262
43 9 39261
31 49 49870
44 14 90665
25 99 76053
44 13 63307
56 9 86677
75 83 28683
38 79 13593
17 44 29727
30 100 38049
18 26 46731
92 55 21770
69 41 76319
56 79 88124
52 12 78750
19 85 60718
77 26 15569
13 54 37223
18 27 32273
81 66 1438
93 38 25767
27 90 41996
49 17 57437
16 39 89962
85 44 88803
74 23 55097
97 21 2629
14 12 1467
68 56 21015
87 25 37049
60 18 98050
66 95 15472
83 29 6423
7 23 55564
45 62 82659
12 79 37108
57 10 69817
48 82 27814
36 27 53121
29 60 22466
33 100 13334
100 73 88423
99 37 26348
81 69 2097
5 21 82685
84 15 81548
21 39 73228
83 63 64802
13 62 21564
31 12 64825
78 82 53211
97 53 49209
86 77 4609
67 10 97207
88 64 11020
96 49 36959
22 45 22550
9 84 26029
78 72 74527
51 53 23587
83 8 86819
27 63 84320
76 78 36416
100 65 89479
38 41 92471
5 49 43286
83 44 90062
13 67 68168
24 85 55143
23 4 82302
12 61 26839
41 1 43490
50 14 3613
25 88 78245
41 49 39225
13 48 18889
74 84 2428
62 26 27208
97 2 18453
63 32 34952
15 31 20012
76 61 22270
18 76 66349
27 92 41317
10 34 67849
46 63 95127
27 84 67821
99 78 10923
22 85 90683
44 91 12218
3 1 72876
2 90 38802
83 39 5990
20 31 38523
69 80 98101
12 2 65764
47 55 54398
92 46 39183
65 50 1812
78 47 51306
66 35 35896
71 2 75794
94 56 66829
51 4 5758
20 84 94864
88 92 18940
39 83 23601
57 46 57526
79 71 67227
32 44 87359
62 45 23030
51 70 84161
27 39 39003
51 16 782
21 12 39604
39 11 15274
59 96 55909
61 78 5675
50 69 41087
23 1 57038
82 91 2033
17 77 10161
4 17 40035
95 63 16339
40 100 20687
17 66 70602
77 44 29405
95 27 91281
95 60 34832
87 42 79161
84 50 73649
96 33 12183
11 54 68030
24 11 59757
1 28 28641
4 7 70355
39 1 30749
70 74 36549
15 95 85830
89 73 20355
92 27 84042
89 75 41072
68 22 43255
96 83 94660
26 18 95025
82 100 91509
92 9 79425
50 28 31269
48 88 82727
56 1 11849
83 42 91028
20 40 91607
53 73 70491
9 44 45156
42 69 21216
40 48 8725
94 82 70348
41 99 65215
10 90 77475
38 37 21995
92 72 77247
99 59 53016
61 70 16261
84 63 55925
2 21 58435
66 62 85302
49 6 68905
87 52 58894
7 85 5175
42 17 92318
69 39 63782
60 22 96481
67 75 13735
82 37 11265
94 2 76555
25 43 11957
43 69 9673
34 86 3450
26 39 30129
50 12 15754
40 43 104
62 67 92460
35 1 23566
14 91 48689
44 71 27909
86 56 7185
43 12 10282
2 63 34129
35 66 77274
94 74 26790
94 69 74
84 69 16426
38 14 94843
42 74 56109
10 88 64144
48 20 73596
48 32 54407
6 30 34840
64 8 27578
50 39 87034
75 7 14972
1 13 98664
1 63 27078
26 82 93792
17 40 99704
23 21 28534
4 13 44092
30 21 15076
89 76 12266
72 85 48128
38 68 64142
88 27 40388
16 32 47040
33 93 33512
54 92 99704
21 76 19599
60 50 20500
49 24 23398
46 8 85700
56 64 31708
91 22 85892
49 18 29992
63 48 39736
20 50 6411
65 19 15500
55 51 76499
11 73 31438
6 100 29814
96 13 46327
61 11 57899
57 77 8173
19 10 16862
33 17 21572
3 31 37098
2 91 37782
61 8 4573
11 28 98933
96 71 56049
40 14 80942
1 64 82980
76 21 25046
18 100 33438
95 78 57869
59 3 84671
17 62 9676
40 24 71279
73 61 33216
9 79 13990
86 72 44900
19 23 52261
41 29 82948
18 13 62089
27 38 33876
66 34 61337
12 76 54022
44 58 86344
97 47 79999
95 39 86306
13 86 30496
25 65 47250
98 54 10898
21 41 38921
10 8 26336
4 76 10795
78 74 80906
75 81 18947
38 94 62713
9 20 66599
69 29 45146
34 8 37524
15 9 84229
60 92 30097
9 67 83096
34 27 12909
33 72 29059
13 18 56628
54 48 93846
30 27 92775
70 57 42614
20 57 35527
23 6 16676
70 45 21745
78 51 48586
20 59 89680
31 67 35753
73 86 6692
12 8 67942
86 84 45479
84 35 3178
67 34 35655
20 97 73618
85 31 20026
73 89 20693
77 67 52939
82 46 51691
90 61 84683
84 54 76378
52 89 83390
75 91 22741
90 82 67713
72 67 51806
6 28 82973
32 25 2769
92 76 46348
78 9 88778
78 5 27871
28 24 37804
46 45 71509
46 81 74090
70 84 92921
30 95 10378
69 58 19041
40 53 47810
59 49 7646
3 61 89993
58 44 3685
75 54 23216
89 10 2008
66 68 20630
32 61 42084
62 16 47449
95 74 69029
91 100 29950
3 15 72262
83 6 12063
6 82 81095
36 84 28725
80 21 35567
15 46 94221
45 77 86116
2 29 60153
85 46 5756
47 2 39924
76 54 36922
88 13 91053
99 32 80861
21 16 46675
3 28 27880
37 75 69110
11 47 10539
98 93 18377
57 86 36590
80 70 3695
44 31 70226
49 69 14410
44 3 87767
11 78 3450
61 28 84453
61 2 25152
98 11 72312
50 22 69534
19 82 60492
26 89 22619
28 6 6185
60 90 72580
57 16 38351
59 57 42767
24 92 72358
14 61 73578
25 38 16300
87 74 64731
44 12 35865
4 100 12855
82 77 20460
99 58 64832
5 57 75991
74 88 90273
11 84 89000
36 45 31214
84 3 74131
70 79 88552
31 75 2898
19 99 16751
13 29 80799
62 60 60946
74 61 6674
6 78 79245
84 16 61636
82 95 4482
80 94 34024
85 82 47837
32 8 34738
42 4 22771
10 82 73968
20 49 76790
33 51 67374
33 81 28136
58 60 58769
92 10 68072
100 44 39601
12 78 43506
92 62 54416
11 79 99543
90 60 20426
91 21 94152
82 44 34816
93 85 39676
78 30 67183
97 91 87100
59 41 91134
43 5 44361
57 23 1258
55 34 86694
20 44 74732
22 11 51214
93 32 51048
2 89 28657
76 81 17871
54 86 75833
38 100 49138
12 96 55134
36 83 74856
89 96 6843
34 22 39220
61 69 6147
51 76 44794
93 100 86348
21 26 26481
7 15 1376
43 25 71557
71 68 24630
95 51 48569
32 12 37815
44 93 53001
78 17 46514
17 1 42548
32 69 10278
27 56 27253
5 48 84708
79 86 69056
63 52 86398
80 68 86581
34 42 88553
32 71 87956
31 34 11893
43 82 27218
61 83 29182
8 62 12081
81 85 94296
79 27 97786
8 17 2414
1 74 27217
43 100 29190
23 12 64935
23 42 56762
57 6 14677
17 10 64907
8 29 4569
72 81 33214
3 10 55361
21 43 76792
55 20 22388
98 96 27269
42 39 82948
43 73 99947
12 42 47050
39 64 5962
50 74 35653
11 13 60407
38 52 39679
96 24 6833
38 57 44378
71 42 78757
33 3 80138
100 85 34673
69 66 59616
29 1 46717
44 42 3066
29 78 61818
63 93 40665
46 86 45094
1 81 86609
96 52 78884
22 4 5706
74 30 86131
51 15 45957
61 21 63983
100 77 96340
7 49 71127
91 60 61033
44 50 73495
51 41 23963
7 34 72343
26 5 90912
87 19 41544
45 14 61428
65 10 64443
38 44 9942
5 85 89566
10 3 37085
7 32 84645
40 19 57370
42 79 38890
8 12 39566
55 2 97020
14 46 76625
5 72 51133
75 52 19754
62 32 20780
68 74 21343
30 32 15727
13 90 78501
19 7 58230
73 63 41137
48 36 8006
35 63 53730
28 69 57039
74 100 21793
6 43 67676
7 100 99545
74 5 73005
66 85 64421
55 100 50011
45 86 72693
71 96 29118
16 22 34494
64 4 23733
52 20 90570
65 95 77612
41 83 6435
39 31 32549
53 79 83257
100 95 19924
65 51 48117
29 68 50279
33 73 17761
54 40 68843
64 57 80686
65 29 32468
100 81 492
58 39 759
25 60 89724
77 64 36501
58 87 50026
29 28 9471
14 44 1984
81 77 92314
37 87 7904
64 71 33346
69 33 39416
70 36 7505
74 81 82044
55 7 66614
39 43 41318
97 57 61076
78 58 16067
2 94 47104
95 86 85076
59 26 18916
26 44 66206
30 45 18911
83 1 4914
77 95 98324
87 28 36395
47 17 53540
11 7 92925
52 75 36749
95 72 39184
46 44 13008
87 5 97788
59 55 29661
6 36 55265
100 33 48583
32 14 27804
96 64 91101
92 43 34521
40 84 29415
25 62 11249
4 15 97950
95 22 79751
27 32 15524
100 76 7537
14 63 86604
45 1 74375
45 100 82105
51 97 85953
79 70 53340
37 24 66042
35 72 98413
25 90 25237
58 10 859
82 40 25559
35 94 16485
58 94 65705
36 91 51155
39 13 70610
23 55 56165
41 96 9649
11 9 74941
51 94 9863
42 1 69081
23 39 70585
52 13 91308
17 2 28836
84 90 45821
29 73 22714
3 13 55946
90 76 44220
20 23 12612
30 64 66294
2 80 36000
82 93 18774
69 31 43678
36 59 28514
45 84 25591
44 39 17840
76 26 60953
38 48 31168
58 99 14559
12 82 48797
52 50 74451
88 35 46565
1 29 65689
78 44 49819
8 45 49242
44 30 72052
56 30 98281
7 53 38875
57 73 37156
80 53 45052
29 14 23858
22 72 53089
76 50 25025
35 68 90206
44 90 5562
24 79 72498
53 22 95522
97 17 11660
14 97 23582
42 100 92139
14 39 88651
65 93 21809
81 86 92103
1 30 64766
8 24 53595
27 70 6467
12 64 34053
46 23 7463
91 67 42981
12 10 47846
63 44 87049
42 89 2623
48 94 76296
23 40 64857
58 48 46790
53 25 36636
65 27 84928
88 91 83968
57 98 79626
9 63 47234
45 39 27656
4 20 71453
80 29 21168
22 38 36636
21 90 37738
69 21 69729
55 92 95543
47 54 55893
44 76 28417
79 44 65045
27 18 19542
22 14 95785
69 76 78217
24 90 66746
1 15 42099
30 41 59630
17 59 40599
20 86 33051
85 12 93041
66 56 6988
80 61 56775
46 70 15605
19 26 31089
13 36 41195
5 100 25603
43 66 38903
12 65 65903
66 26 58970
64 27 79089
91 81 9548
18 5 88596
100 18 87601
14 70 12744
34 28 74062
82 15 4907
66 53 92538
23 22 37822
35 34 99464
92 99 47893
85 99 50613
88 48 15350
90 28 41775
15 27 58511
68 33 98348
62 53 56367
57 37 71214
97 55 90738
2 23 85061
44 21 9882
91 69 57423
6 54 23956
7 18 19029
18 25 3046
65 91 58749
74 73 55320
17 74 59008
83 91 10267
47 85 2701
39 89 75762
53 97 79788
16 48 77611
49 1 88517
95 87 48519
16 45 64834
36 87 61577
27 83 73407
68 47 38680
56 34 96589
86 53 91848
13 75 70844
13 83 23241
11 96 57821
15 65 37778
74 43 56599
46 49 85412
49 39 17326
99 85 26960
75 97 38430
96 84 67678
4 14 68805
14 53 23046
39 40 12498
62 49 98902
5 39 85027
60 93 93167
57 2 8723
13 98 79860
1 77 89421
3 82 31485
91 2 41796
95 65 57476
4 85 57806
75 36 4959
51 81 95991
82 99 83105
13 47 81235
81 49 9101
85 79 26233
59 95 14227
5 66 98945
67 50 94874
63 92 88755
17 26 82767
73 53 81787
67 61 89057
28 82 80503
16 7 41653
66 44 358
12 63 4134
30 49 89509
49 68 49333
2 27 35080
58 84 48942
69 71 18690
89 22 21470
70 62 82527
57 52 56588
74 47 36865
24 10 32089
74 91 2738
45 54 6668
58 21 7217
63 35 10557
59 47 10454
26 20 32943
46 59 69857
92 70 14120
23 82 1
46 52 2
8 67 0
90 78 7
62 14 5
94 45 0
19 22 0
54 15 4
93 28 1
6 81 3
23 74 7
75 61 4
87 30 3
94 17 6
48 15 5
92 97 3
100 54 1
78 53 6
27 32 1
94 10 1
27 84 4
32 38 2
85 8 1
79 76 4
65 68 4
7 56 6
63 28 1
42 19 0
83 89 6
28 83 2
92 48 4
82 69 0
37 14 0
8 31 0
56 17 3
66 16 2
85 92 5
67 46 6
94 26 6
25 94 6
69 96 5
35 100 1
58 50 7
86 38 5
52 37 3
79 57 5
14 19 5
54 58 5
3 73 7
83 34 7
76 24 1
24 96 4
43 68 5
69 23 7
62 19 0
36 37 3
12 50 6
5 50 7
50 77 4
64 37 3
27 81 5
3 88 1
43 86 2
72 83 0
55 1 6
26 57 0
53 52 2
29 37 0
67 5 2
7 83 2
23 93 7
56 74 3
38 43 0
27 76 5
35 88 6
100 22 1
75 50 6
58 34 2
26 19 0
9 22 0
74 57 5
24 75 4
28 19 0
67 50 1
95 89 4
20 45 2
11 15 1
45 75 4
14 4 3
92 33 0
39 66 3
64 9 5
18 96 1
13 56 3
37 7 0
18 24 3
29 83 7
11 1 4
1 17 7
12 32 1
47 6 2
74 95 5
56 56 3
74 87 5
75 43 4
82 14 6
76 12 4
12 50 5
79 75 1
94 49 3
20 70 7
62 8 1
18 50 4
75 82 3
14 58 0
66 72 0
35 48 5
38 98 6
99 43 0
33 95 6
19 85 3
11 73 3
15 65 1
22 12 1
76 64 4
92 7 0
72 44 6
24 61 2
21 35 7
18 69 4
100 52 2
99 73 7
90 19 6
7 59 2
63 2 1
69 64 5
59 53 1
10 77 7
35 9 0
43 98 0
38 37 6
55 35 2
67 97 7
35 70 1
36 69 4
99 80 6
40 11 5
39 61 1
2 27 7
69 88 3
48 53 3
42 17 5
20 40 5
100 79 1
72 5 7
47 55 5
28 37 6
9 6 5
31 32 4
48 45 5
2 100 7
78 87 5
71 67 0
83 49 7
6 91 4
22 6 4
69 67 3
82 24 4
20 85 3
64 77 7
29 59 1
39 66 6
70 44 4
71 95 4
61 32 2
43 17 0
84 4 3
26 75 1
9 55 2
42 76 3
51 55 3
23 61 4
23 84 2
12 53 2
79 44 7
90 65 2
23 7 1
39 46 1
51 9 7
48 61 3
72 58 3
89 40 2
90 84 3
24 28 6
94 45 6
8 45 2
28 45 3
24 11 3
34 82 7
51 41 6
84 51 6
45 51 3
37 74 3
54 94 7
57 67 2
89 75 4
23 49 2
77 75 1
90 28 6
29 69 4
96 56 2
21 46 0
4 50 6
61 14 4
9 26 2
43 34 7
85 58 7
31 61 6
9 39 5
89 82 5
87 46 3
10 71 7
29 26 7
91 45 5
89 81 6
21 72 4
94 76 1
10 21 3
39 41 3
61 58 0
5 20 3
18 8 5
14 7 6
67 87 4
25 84 2
6 48 1
28 84 1
68 45 7
68 54 4
33 2 0
6 2 2
94 5 5
31 59 0
64 53 0
38 25 1
52 35 1
9 64 0
83 43 3
73 55 4
3 95 7
41 80 7
76 99 1
68 8 3
86 81 5
43 50 5
63 70 1
45 81 5
18 67 1
90 90 2
14 17 7
68 73 0
6 72 0
43 43 5
25 49 6
3 98 2
13 62 1
42 4 6
19 63 3
53 2 7
70 74 7
88 54 2
96 86 5
41 6 1
65 63 5
1 92 1
86 11 4
93 92 0
77 10 4
43 92 4
36 28 2
85 73 6
3 91 5
3 20 7
29 46 5
34 3 4
54 30 2
79 17 7
21 54 7
70 17 3
7 82 5
23 59 4
49 63 3
94 44 0
47 64 4
50 50 7
87 37 3
97 3 3
32 29 6
54 12 2
2 91 7
96 11 3
9 33 3
63 63 5
76 17 1
16 28 7
52 31 6
21 18 2
47 15 7
38 59 7
17 21 5
82 49 4
88 75 6
3 97 2
48 29 6
6 100 2
69 12 2
26 14 7
32 57 0
51 46 2
15 83 6
54 61 4
71 22 0
70 96 0
62 24 2
78 22 1
95 75 3
44 92 3
56 92 6
90 41 3
53 89 2
57 15 1
34 6 6
57 80 4
64 45 1
33 50 1
17 100 6
37 88 0
24 15 3
71 10 0
5 38 7
77 90 0
46 47 0
97 80 6
34 80 1
32 83 7
85 32 2
17 44 0
28 51 3
99 56 1
15 25 2
33 97 6
47 10 4
65 40 0
61 29 6
61 36 5
27 84 7
65 21 2
46 68 7
15 43 0
69 98 4
22 37 2
47 13 0
56 57 4
100 71 7
80 61 7
23 11 2
20 69 4
5 54 4
31 30 4
83 30 6
7 71 5
97 78 5
2 60 2
26 47 0
34 18 2
77 8 0
83 73 6
4 58 2
68 15 0
40 77 4
3 97 7
5 90 1
63 58 5
22 4 4
86 25 1
42 62 7
15 66 5
3 16 5
77 14 0
45 43 0
9 10 5
34 35 4
37 49 7
79 3 4
53 72 3
83 54 4
12 39 6
9 31 7
28 13 7
52 53 3
31 92 2
41 12 0
33 8 6
17 85 2
21 14 0
98 81 2
6 75 5
47 91 2
10 88 0
80 37 5
84 99 4
79 11 0
19 19 6
72 70 0
56 98 1
78 2 5
96 43 3
85 13 6
58 60 6
32 2 1
55 100 3
51 94 5
57 19 2
22 86 5
57 32 3
65 2 5
29 88 0
47 26 3
82 66 1
90 5 7
89 52 7
93 75 4
72 20 0
51 5 5
51 99 4
32 36 6
46 82 5
52 8 3
90 56 7
54 50 0
35 77 2
20 42 6
30 74 0
69 83 6
38 31 7
46 40 0
27 82 7
20 81 7
16 100 7
23 5 4
38 25 3
49 92 0
34 87 5
24 12 6
65 55 6
8 59 7
57 30 0
94 62 6
3 18 6
73 99 0
68 71 6
61 28 7
39 78 7
42 85 6
44 20 6
27 32 5
86 46 0
58 23 2
59 48 2
6 63 4
98 34 5
80 83 1
11 34 1
64 51 7
27 11 4
11 47 0
58 2 1
79 20 0
88 27 1
16 12 3
15 37 7
6 97 4
23 41 0
52 5 6
69 65 1
94 90 5
27 42 7
10 17 0
74 5 3
61 64 4
13 16 6
66 18 6
89 88 0
72 84 0
60 100 1
36 44 1
96 62 6
4 66 2
43 53 6
5 71 4
7 57 0
37 33 4
100 6 7
87 4 3
20 100 7
43 44 1
84 100 0
92 37 7
37 1 6
44 29 6
81 37 7
13 1 7
67 75 2
33 27 7
100 89 5
14 75 4
39 52 0
25 49 7
40 82 7
69 42 4
55 25 7
33 43 7
41 56 7
90 73 0
41 66 4
81 31 7
58 52 6
48 41 0
61 37 7
98 44 0
73 8 3
10 10 1
82 79 2
57 43 4
30 41 1
52 45 0
34 87 7
8 65 7
9 78 1
87 84 1
95 82 7
85 76 6
68 98 0
85 91 4
24 36 1
8 51 7
47 71 2
31 80 3
54 89 4
97 33 2
1 30 1
89 60 3
71 13 2
7 68 7
53 62 7
56 72 1
84 97 2
8 54 5
52 33 2
41 22 3
86 10 0
9 27 3
34 21 4
45 59 6
90 60 3
68 63 2
28 13 2
86 62 4
42 79 1
22 55 6
21 98 2
76 61 7
66 25 1
13 38 6
23 69 4
61 69 5
73 11 5
54 81 0
79 26 6
63 44 3
92 67 4
89 1 4
84 51 1
89 19 5
24 49 1
30 38 0
64 83 6
70 61 4
86 90 2
8 67 4
25 30 5
84 32 1
95 20 3
32 71 6
10 81 6
1 78 7
72 33 6
51 15 7
16 56 3
36 42 4
22 6 0
22 30 5
77 40 5
83 35 0
37 67 5
37 66 5
63 88 3
19 49 0
80 62 5
16 86 5
14 33 2
62 56 7
47 1 6
22 50 7
5 63 0
76 97 3
77 89 6
88 1 1
84 49 3
82 12 3
57 5 4
60 6 5
54 15 4
53 61 6
52 28 3
85 7 5
100 51 6
9 96 0
76 84 6
59 28 2
4 95 2
36 51 3
87 92 6
67 76 3
3 81 7
23 100 5
92 35 3
9 26 4
40 46 1
77 14 7
70 28 3
53 15 0
36 48 4
8 21 4
76 32 2
78 96 5
56 76 0
62 76 1
98 98 5
48 88 2
75 66 2
50 81 5
43 58 3
69 82 4
29 73 7
50 94 0
43 93 1
12 52 1
96 97 2
19 28 2
52 81 2
54 82 1
77 17 1
68 79 0
91 64 0
72 23 4
17 64 2
82 98 1
97 17 3
36 95 5
15 48 1
3 68 1
5 1 5
8 5 2
34 40 2
19 98 3
56 10 1
83 96 3
91 17 5
13 80 3
100 75 5
96 55 0
46 41 0
36 50 4
37 27 0
39 63 5
47 94 7
56 32 4
68 77 3
86 62 0
72 3 1
15 24 2
98 26 1
59 58 1
43 11 0
24 23 7
18 67 0
15 52 7
53 89 6
36 59 5
65 32 7
91 81 0
23 89 3
48 20 2
75 47 6
35 21 1
78 96 7
77 75 5
73 60 0
99 39 3
28 37 2
92 27 2
89 92 2
49 15 1
42 71 1
42 73 7
70 21 5
30 38 4
1 96 0
95 78 7
53 50 7
29 57 3
13 56 1
74 100 1
51 85 1
12 16 3
17 73 6
3 18 3
16 5 6
26 75 7
80 14 4
69 4 5
30 72 2
4 73 0
35 41 2
93 34 6
19 62 5
11 95 4
48 26 1
71 8 7
62 86 4
61 33 3
28 90 1
28 54 2
27 62 6
85 1 6
79 4 7
96 33 3
81 51 2
83 25 4
87 40 4
68 28 6
9 14 5
88 100 3
21 70 2
14 6 4
27 85 5
60 63 3
74 94 6
2 50 2
23 29 3
31 18 2
2 47 3
85 51 1
28 34 7
36 11 6
50 60 2
59 31 3
65 17 3
64 9 5
75 14 3
88 5 7
51 100 0
97 89 7
100 31 0
10 71 4
19 38 5
86 91 2
47 49 4
65 11 6
28 83 6
5 93 2
12 25 0
30 86 6
83 69 6
83 60 2
3 71 5
52 74 1
44 10 6
25 80 0
2 39 7
24 95 2
47 97 4
68 96 4
65 77 2
19 1 5
17 73 5
43 25 5
47 26 6
58 97 2
2 22 0
42 13 0
94 88 7
84 16 6
34 49 3
75 25 7
82 98 2
16 62 4
46 42 7
87 46 4
35 27 6
90 49 5
4 83 1
36 58 4
24 95 4
71 8 7
65 30 7
65 94 2
48 27 3
22 39 5
52 5 2
77 85 2
90 78 1
11 100 4
17 54 2
86 25 6
64 32 7
91 50 0
96 82 3
24 2 0
29 77 3
75 32 1
15 10 0
70 36 4
30 67 2
38 39 2
59 65 3
65 83 1
24 92 7
55 41 6
78 27 0
62 43 7
85 53 5
99 24 1
16 37 6
50 54 2
31 53 6
70 22 4
13 48 1
25 73 6
41 9 4
92 35 6
83 46 6
27 62 0
55 36 1
49 72 7
73 22 0
23 85 5
23 16 5
18 49 5
79 70 5
8 87 0
19 75 6
99 58 3
9 70 2
91 26 5
32 59 0
84 1 3
93 94 2
65 68 2
83 72 2
68 57 0
47 18 3
91 30 1
34 87 4
87 16 1
82 63 4
7 98 7
87 32 1
2 14 4
32 28 5
52 70 1
44 8 7
19 27 1
31 93 7
100 81 4
51 57 4
75 19 3
47 58 5
16 25 5
59 56 5
31 63 3
80 49 1
81 69 3
36 27 0
90 39 6
51 23 5
81 37 2
66 43 7
55 55 0
6 14 0
51 56 2
95 57 7
65 75 6
22 92 3
79 51 5
67 19 4
16 2 6
6 32 6
100 36 3
23 63 1
27 84 0
88 49 6
27 91 7
49 94 7
81 31 0
12 16 0
16 23 4
43 43 5
95 1 6
4 21 4
94 5 1
4 89 2
95 55 6
30 41 4
16 75 1
55 14 0
68 96 7
25 87 3
17 74 4
94 58 2
63 84 5
33 28 1
30 83 4
94 84 4
54 82 0
31 35 4
50 22 3
39 90 4
78 71 6
75 12 5
37 69 2
55 83 4
44 17 2
48 98 2
4 45 1
9 79 7
93 71 4
65 12 2
29 37 2
86 53 5
82 42 0
80 33 6
53 27 0
3 42 7
7 84 0
73 38 4
25 15 3
76 41 1
3 95 0
77 49 4
31 16 6
37 100 5
15 61 4
6 57 4
43 60 6
51 88 5
67 54 7
31 51 4
32 61 7
16 84 3
23 11 1
70 7 5
40 1 0
82 28 4
20 74 3
21 20 5
71 83 4
73 92 7
18 25 3
76 20 4
64 74 0
33 64 3
44 39 4
43 62 6
84 42 4
97 56 2
11 60 1
38 40 5
84 50 5
63 61 5
54 15 6
48 79 4
31 13 6
36 40 4
89 7 2
99 23 6
4 15 1
94 33 7
5 79 1
