20 50 1 100
16 7 4
7 8 9
1 6 1
4 19 5
1 19 5
1 16 6
9 8 7
15 1 6
11 14 7
10 16 1
6 7 1
11 19 9
10 19 1
16 1 10
7 9 8
1 18 6
9 19 5
9 20 6
5 18 1
5 14 1
13 15 5
13 10 6
12 11 4
8 11 8
17 18 3
17 5 4
20 5 8
4 7 7
8 6 7
10 20 9
3 16 3
15 11 10
1 12 9
6 4 9
11 12 7
3 1 9
16 8 9
19 13 4
15 19 1
17 4 10
19 7 10
12 17 1
20 19 7
2 14 10
3 5 3
20 6 9
14 9 6
15 14 2
15 8 5
9 11 8
2 17 1
14 11 1
16 15 1
12 13 0
7 13 0
8 10 1
17 7 0
6 16 1
20 14 0
16 4 1
20 13 1
9 13 1
4 19 1
19 15 0
12 19 1
13 8 0
9 18 1
11 19 0
10 20 1
17 12 0
6 20 1
20 4 0
14 7 0
20 13 1
6 10 1
12 13 1
15 11 0
14 8 1
13 20 0
12 19 1
8 12 1
11 11 1
10 8 1
14 18 0
16 3 1
20 20 1
20 17 0
13 17 1
13 15 1
9 8 1
19 2 1
2 6 1
12 10 1
5 2 0
5 4 0
13 2 1
20 3 0
4 17 0
8 8 1
5 2 1
7 16 0
13 18 0
13 15 1
5 19 0
12 15 0
7 2 0
1 12 0
5 13 1
16 9 0
15 5 0
13 18 0
2 16 0
1 3 1
20 6 1
3 4 0
10 13 0
10 9 0
11 9 1
10 14 0
19 17 0
5 1 1
11 6 1
14 3 1
18 5 1
3 20 1
4 1 1
13 15 0
10 1 0
8 8 1
16 3 1
3 16 0
17 2 0
9 5 1
15 19 1
1 16 1
10 10 0
1 6 0
12 1 1
19 10 1
12 13 0
14 3 0
14 17 1
12 1 0
9 17 1
16 20 0
14 15 0
1 6 0
1 3 0
1 2 0
16 11 0
