100 100 0 1000
4 49 10612
93 5 64614
51 62 14870
47 74 34140
48 61 71104
84 43 23925
92 3 71908
83 72 51385
32 84 8105
15 84 10583
5 83 62170
73 36 26602
36 92 41188
82 50 72029
42 21 79343
97 7 12785
21 80 83672
37 62 13600
47 61 42142
43 82 2151
43 45 73951
43 31 22112
8 12 35071
78 54 34946
99 18 29961
76 34 2822
26 31 94486
88 91 33191
70 34 37169
84 28 95187
96 56 21987
56 8 83024
49 30 5482
38 93 73724
56 46 70097
99 77 80235
54 87 1653
55 15 77386
2 24 27900
86 36 80430
91 74 25662
80 30 16948
43 67 7050
81 17 87690
100 64 47673
35 25 50074
20 100 55499
81 75 86697
7 98 86125
11 43 4441
48 17 76649
96 21 51017
72 4 21484
85 7 44539
86 87 33794
45 72 93252
66 12 46671
67 18 67862
35 70 12899
64 95 52665
3 11 83626
91 81 84929
95 68 4020
32 44 77992
56 4 72455
11 63 60272
63 93 22095
32 16 56144
94 29 42111
75 42 83190
84 83 2753
48 10 34439
96 47 68337
27 91 72640
67 7 21787
60 43 79580
58 5 44499
34 79 82401
71 2 44445
17 75 54165
22 23 44734
82 62 89650
56 32 30842
14 77 96112
84 70 8874
92 43 50430
59 2 43881
42 75 86316
57 68 77390
91 75 7800
75 38 72120
54 62 21171
87 59 16317
63 37 63741
100 70 55651
78 75 11701
81 86 50670
39 54 5882
27 26 41933
1 39 62422
24 32 0
19 30 0
14 92 0
47 40 0
69 99 0
43 61 0
20 97 0
37 11 0
99 47 0
68 98 0
73 60 0
35 9 0
87 24 0
88 33 0
12 69 0
10 32 0
44 13 0
34 82 0
89 66 0
43 41 0
7 91 0
25 74 0
3 82 0
54 9 0
7 91 0
46 38 0
23 42 0
12 24 0
50 3 0
10 29 0
81 38 0
66 68 0
53 8 0
9 36 0
45 10 0
27 100 0
43 100 0
55 85 0
40 70 0
9 83 0
70 45 0
36 3 0
42 93 0
5 41 0
13 45 0
61 80 0
37 6 0
33 32 0
50 50 0
49 37 0
55 41 0
63 29 0
40 5 0
9 85 0
82 7 0
61 22 0
13 68 0
59 84 0
54 53 0
78 100 0
87 45 0
39 79 0
1 41 0
79 15 0
19 23 0
93 15 0
88 48 0
77 91 0
97 9 0
14 24 0
31 94 0
59 28 0
74 99 0
64 31 0
33 50 0
5 77 0
43 67 0
45 48 0
64 35 0
37 82 0
56 90 0
22 74 0
7 21 0
49 72 0
9 20 0
78 35 0
50 71 0
27 2 0
5 8 0
62 90 0
59 95 0
100 17 0
47 60 0
53 62 0
42 37 0
23 87 0
92 32 0
19 91 0
48 16 0
98 32 0
61 48 0
57 62 0
96 41 0
72 52 0
51 46 0
55 6 0
69 94 0
24 51 0
76 7 0
17 92 0
50 67 0
37 21 0
30 54 0
77 3 0
24 16 0
77 57 0
25 52 0
77 74 0
73 8 0
10 79 0
63 72 0
76 57 0
31 55 0
55 86 0
58 65 0
52 13 0
45 89 0
33 54 0
84 63 0
82 19 0
63 80 0
30 71 0
6 21 0
29 33 0
27 80 0
72 46 0
19 66 0
66 29 0
61 46 0
40 37 0
75 5 0
29 56 0
95 53 0
66 54 0
33 77 0
50 5 0
16 90 0
62 25 0
10 41 0
93 97 0
54 60 0
70 19 0
4 71 0
92 42 0
40 89 0
28 17 0
61 68 0
93 84 0
80 93 0
40 82 0
41 8 0
83 87 0
54 62 0
51 36 0
97 73 0
15 64 0
99 37 0
15 71 0
25 86 0
55 54 0
80 91 0
21 92 0
4 8 0
23 55 0
87 94 0
73 6 0
98 27 0
68 20 0
9 71 0
15 83 0
38 80 0
78 32 0
74 75 0
50 78 0
84 17 0
85 90 0
81 63 0
48 83 0
47 61 0
33 91 0
15 96 0
100 2 0
49 9 0
57 50 0
31 35 0
9 95 0
24 16 0
2 89 0
58 63 0
3 50 0
63 60 0
23 53 0
74 55 0
13 37 0
36 34 0
74 26 0
54 27 0
32 74 0
100 73 0
84 54 0
85 84 0
86 31 0
32 17 0
11 9 0
1 67 0
36 81 0
82 43 0
38 38 0
54 79 0
82 25 0
11 95 0
90 62 0
90 61 0
31 6 0
10 56 0
97 62 0
37 8 0
28 87 0
49 40 0
55 19 0
37 88 0
58 16 0
72 91 0
92 1 0
61 58 0
72 83 0
80 62 0
85 61 0
80 3 0
4 72 0
19 27 0
36 93 0
1 5 0
10 17 0
54 60 0
12 83 0
49 24 0
63 39 0
61 9 0
43 25 0
3 71 0
28 73 0
31 51 0
51 95 0
18 59 0
77 41 0
23 9 0
34 10 0
95 72 0
96 62 0
5 67 0
4 2 0
19 89 0
62 74 0
60 99 0
70 26 0
10 85 0
66 84 0
8 35 0
27 72 0
56 41 0
28 77 0
39 70 0
32 62 0
96 21 0
72 87 0
21 54 0
83 40 0
91 97 0
35 90 0
59 25 0
86 72 0
95 19 0
35 35 0
56 9 0
60 91 0
29 12 0
88 79 0
56 59 0
98 84 0
73 10 0
22 63 0
11 57 0
48 75 0
51 94 0
85 33 0
70 20 0
69 38 0
78 100 0
48 97 0
64 51 0
12 48 0
70 70 0
75 20 0
36 58 0
69 78 0
100 95 0
84 95 0
49 62 0
53 83 0
68 47 0
60 80 0
39 19 0
90 78 0
77 61 0
52 23 0
22 27 0
49 3 0
6 9 0
62 51 0
89 71 0
84 82 0
26 44 0
68 54 0
11 59 0
71 99 0
93 30 0
14 32 0
38 43 0
54 39 0
55 35 0
54 50 0
47 70 0
33 70 0
66 85 0
60 14 0
87 14 0
47 78 0
88 2 0
82 64 0
21 43 0
52 11 0
68 45 0
62 100 0
51 10 0
40 99 0
43 4 0
55 34 0
60 44 0
57 84 0
27 73 0
17 91 0
78 87 0
24 43 0
51 18 0
20 84 0
81 58 0
40 67 0
60 6 0
81 61 0
76 21 0
28 2 0
10 38 0
38 3 0
56 31 0
58 49 0
19 5 0
37 71 0
3 34 0
46 5 0
54 57 0
82 10 0
53 63 0
7 3 0
1 80 0
73 68 0
61 67 0
86 99 0
73 59 0
10 90 0
46 6 0
11 20 0
72 44 0
26 23 0
95 4 0
57 40 0
20 51 0
37 30 0
20 86 0
96 91 0
70 92 0
92 3 0
35 3 0
91 34 0
44 84 0
34 79 0
28 23 0
66 37 0
11 63 0
72 66 0
33 44 0
71 76 0
89 64 0
45 32 0
91 93 0
59 86 0
10 9 0
48 28 0
33 90 0
72 32 0
27 45 0
36 85 0
74 64 0
19 61 0
40 77 0
95 2 0
78 56 0
16 26 0
51 81 0
11 65 0
76 37 0
26 91 0
53 74 0
46 68 0
33 34 0
43 57 0
41 61 0
10 86 0
85 92 0
57 42 0
72 26 0
14 83 0
93 3 0
6 25 0
43 36 0
52 18 0
84 42 0
60 28 0
71 85 0
85 15 0
27 60 0
46 22 0
38 80 0
59 100 0
4 83 0
44 82 0
87 54 0
27 7 0
17 13 0
87 43 0
100 98 0
9 66 0
75 63 0
4 57 0
92 54 0
44 3 0
72 100 0
6 25 0
62 20 0
5 38 0
61 67 0
61 57 0
62 69 0
29 3 0
33 66 0
18 25 0
93 6 0
15 40 0
6 31 0
8 20 0
81 100 0
37 56 0
69 19 0
10 43 0
98 52 0
83 82 0
61 80 0
43 3 0
85 85 0
12 26 0
2 56 0
8 35 0
60 30 0
63 16 0
85 86 0
41 32 0
10 18 0
72 13 0
90 81 0
62 3 0
67 24 0
3 73 0
93 36 0
21 99 0
94 67 0
39 35 0
67 52 0
37 89 0
83 8 0
15 83 0
46 83 0
66 69 0
25 97 0
87 50 0
16 4 0
14 76 0
75 25 0
30 80 0
16 40 0
95 96 0
97 29 0
5 95 0
61 86 0
33 62 0
86 89 0
69 68 0
85 16 0
47 39 0
17 92 0
63 75 0
49 25 0
79 82 0
6 41 0
30 31 0
44 84 0
35 20 0
6 84 0
1 81 0
94 35 0
60 2 0
96 40 0
82 9 0
77 87 0
17 99 0
78 19 0
47 43 0
48 18 0
69 28 0
43 91 0
73 73 0
99 92 0
66 77 0
18 62 0
49 84 0
73 78 0
37 53 0
36 97 0
14 7 0
8 61 0
15 6 0
27 44 0
58 100 0
48 20 0
33 97 0
62 63 0
10 32 0
25 1 0
55 24 0
71 86 0
37 38 0
45 29 0
71 4 0
21 72 0
81 36 0
23 38 0
60 29 0
75 97 0
60 23 0
78 11 0
19 56 0
96 97 0
6 30 0
56 31 0
35 62 0
87 12 0
83 24 0
47 38 0
75 88 0
57 44 0
1 90 0
57 14 0
78 82 0
67 60 0
63 13 0
5 23 0
42 62 0
21 89 0
30 57 0
46 22 0
22 21 0
14 56 0
71 97 0
98 62 0
96 88 0
79 36 0
51 99 0
34 84 0
1 18 0
70 41 0
43 28 0
90 71 0
65 89 0
49 13 0
51 35 0
34 57 0
22 58 0
70 77 0
4 18 0
72 74 0
1 80 0
12 21 0
12 82 0
73 58 0
27 55 0
30 96 0
93 4 0
34 96 0
8 64 0
3 8 0
26 35 0
33 64 0
31 11 0
76 55 0
72 34 0
40 73 0
62 90 0
40 60 0
34 30 0
34 12 0
92 17 0
32 82 0
11 7 0
86 50 0
66 24 0
26 23 0
69 52 0
2 61 0
60 61 0
36 87 0
69 58 0
3 14 0
4 58 0
33 46 0
35 11 0
53 94 0
36 13 0
37 71 0
68 43 0
48 45 0
52 78 0
61 83 0
4 49 0
65 82 0
82 70 0
72 33 0
36 70 0
66 56 0
72 58 0
83 93 0
98 1 0
53 25 0
56 51 0
21 86 0
50 22 0
73 65 0
85 97 0
69 1 0
24 98 0
83 83 0
40 19 0
86 75 0
43 23 0
100 69 0
38 62 0
71 81 0
1 39 0
21 40 0
2 3 0
19 6 0
18 41 0
14 31 0
16 84 0
48 27 0
4 8 0
48 99 0
47 16 0
84 35 0
90 48 0
1 39 0
6 31 0
27 85 0
51 87 0
14 81 0
10 30 0
56 67 0
57 30 0
31 72 0
67 83 0
67 95 0
11 76 0
34 50 0
83 31 0
21 71 0
73 37 0
60 70 0
68 87 0
26 94 0
100 41 0
53 28 0
40 68 0
98 90 0
45 28 0
75 64 0
85 41 0
10 52 0
6 30 0
5 58 0
21 100 0
65 94 0
10 96 0
82 36 0
12 12 0
48 83 0
97 46 0
94 91 0
33 36 0
62 41 0
99 77 0
71 43 0
64 91 0
73 6 0
94 3 0
14 21 0
28 15 0
75 49 0
9 8 0
80 81 0
96 84 0
62 78 0
41 78 0
73 70 0
1 74 0
70 17 0
83 56 0
86 4 0
90 47 0
93 92 0
22 22 0
50 95 0
3 67 0
1 88 0
57 91 0
13 36 0
14 67 0
50 32 0
39 85 0
62 76 0
91 58 0
51 82 0
100 20 0
95 68 0
23 25 0
77 97 0
90 84 0
80 89 0
34 49 0
18 14 0
8 9 0
86 49 0
86 69 0
60 35 0
46 81 0
64 75 0
84 54 0
24 35 0
84 2 0
86 60 0
73 73 0
68 72 0
41 30 0
83 100 0
29 36 0
79 25 0
45 71 0
27 8 0
55 79 0
79 9 0
35 54 0
24 68 0
95 8 0
79 58 0
5 72 0
99 74 0
3 8 0
67 52 0
88 45 0
37 58 0
49 67 0
63 47 0
95 25 0
74 44 0
74 90 0
95 75 0
82 60 0
61 39 0
75 90 0
27 40 0
79 66 0
79 53 0
91 16 0
15 46 0
92 39 0
97 41 0
66 9 0
49 64 0
100 64 0
34 42 0
72 96 0
74 50 0
63 57 0
65 3 0
46 91 0
59 4 0
27 71 0
12 96 0
29 22 0
38 81 0
31 67 0
39 51 0
39 15 0
29 44 0
70 88 0
17 18 0
95 7 0
72 45 0
62 54 0
37 82 0
5 38 0
60 14 0
58 47 0
90 3 0
75 53 0
99 30 0
66 4 0
64 74 0
28 32 0
24 31 0
37 30 0
38 27 0
14 31 0
92 8 0
22 100 0
94 66 0
17 89 0
29 14 0
13 67 0
25 15 0
26 35 0
48 12 0
15 13 0
41 4 0
34 64 0
73 28 0
75 76 0
86 78 0
41 22 0
36 70 0
66 44 0
61 40 0
100 37 0
22 97 0
81 74 0
70 83 0
24 16 0
17 80 0
20 99 0
78 74 0
40 97 0
23 100 0
49 12 0
84 96 0
25 37 0
86 48 0
61 86 0
50 64 0
94 10 0
93 73 0
1 77 0
21 100 0
91 56 0
27 38 0
8 88 0
40 25 0
37 82 0
91 28 0
97 32 0
8 92 0
63 18 0
95 70 0
70 21 0
66 46 0
38 64 0
30 20 0
7 28 0
49 96 0
11 91 0
6 32 0
66 68 0
25 60 0
28 38 0
69 2 0
48 13 0
65 91 0
79 65 0
12 85 0
75 71 0
47 80 0
40 20 0
79 6 0
22 4 0
56 76 0
14 22 0
86 53 0
43 30 0
54 50 0
40 89 0
47 18 0
94 29 0
29 48 0
80 25 0
56 18 0
21 64 0
69 43 0
90 1 0
46 36 0
75 63 0
57 61 0
34 36 0
9 86 0
35 79 0
35 31 0
1 52 0
85 65 0
55 20 0
60 97 0
48 59 0
58 81 0
92 86 0
13 16 0
39 94 0
40 41 0
90 51 0
35 65 0
10 70 0
63 1 0
76 56 0
79 2 0
70 13 0
8 90 0
88 19 0
80 50 0
18 51 0
39 70 0
69 100 0
44 44 0
9 86 0
15 18 0
15 6 0
69 96 0
1 21 0
52 14 0
70 100 0
32 5 0
72 30 0
64 21 0
77 83 0
80 34 0
51 36 0
97 56 0
81 41 0
31 40 0
51 20 0
85 94 0
31 12 0
91 60 0
63 63 0
5 87 0
15 20 0
8 93 0
37 88 0
54 7 0
16 12 0
92 74 0
88 3 0
32 19 0
36 44 0
98 19 0
54 7 0
87 86 0
80 88 0
