50 100 0 10
43 33 641
50 14 749
10 27 539
13 25 26
50 23 673
34 48 830
12 23 895
48 35 800
13 17 657
10 37 230
19 33 82
23 25 351
5 34 840
50 7 339
41 50 217
8 47 117
1 49 917
47 12 243
4 13 279
13 38 11
26 30 334
28 5 963
25 43 281
26 41 1
28 24 477
47 32 764
43 45 295
3 7 87
7 49 213
5 19 991
2 42 936
30 44 931
30 18 157
22 41 250
42 35 153
35 24 463
41 21 465
18 6 910
22 40 834
3 34 849
20 39 724
4 36 161
10 43 320
36 34 771
44 11 969
10 24 381
17 24 96
20 49 351
43 40 187
10 20 629
19 49 484
42 33 986
46 11 286
41 24 546
38 34 673
20 46 100
42 39 467
27 24 171
43 5 31
6 43 815
3 31 634
27 40 247
8 7 375
6 19 297
50 32 458
5 27 218
26 2 44
14 17 109
15 41 117
27 22 776
38 21 802
6 30 604
6 49 409
3 24 897
48 19 705
25 38 230
21 32 153
11 26 186
23 49 988
18 21 565
16 3 400
39 42 612
38 2 452
44 34 74
42 1 2
48 12 153
6 24 148
1 3 835
43 29 625
32 24 636
25 36 314
34 12 293
44 29 173
14 7 886
5 9 109
22 29 166
48 29 851
11 25 197
48 20 634
12 18 766
43 14 0
25 11 0
26 31 0
7 7 0
44 18 0
21 16 0
48 45 0
45 43 0
34 4 0
11 31 0
