100 1000 7 10
63 82 7553
67 62 3009
100 95 2292
94 57 2588
76 89 5353
48 51 3809
95 52 2720
78 40 2389
93 78 9922
10 98 9513
24 85 5467
10 53 4637
92 32 9896
7 94 8803
9 39 2707
67 84 1630
93 3 559
21 91 4885
72 5 7111
64 63 7695
1 12 4439
47 13 8227
4 82 3674
95 87 7567
74 12 8822
95 13 6617
21 43 968
51 70 828
53 40 8649
58 59 4143
19 46 1192
76 71 6073
42 44 3206
77 27 7658
93 73 7243
13 84 9696
34 8 4049
46 11 5339
35 68 4071
86 60 7368
8 65 6734
18 80 1926
99 66 8526
76 39 694
11 49 1009
33 27 2222
91 27 454
23 4 4528
81 84 7580
100 73 8354
18 22 1684
18 99 1849
51 81 9424
4 51 1592
1 81 4493
51 49 6689
67 35 6949
52 93 5489
80 91 5604
75 97 4059
31 26 8144
66 79 7002
76 99 879
82 13 7414
30 58 3103
60 15 768
72 2 6995
67 57 8843
9 13 472
68 87 595
60 20 7713
81 55 1100
97 75 9258
74 75 9459
62 45 8891
70 16 9423
1 49 1246
64 48 7790
72 8 4316
66 26 9009
23 65 7024
5 43 2176
15 57 7837
72 92 3904
21 95 668
88 73 2039
14 97 6838
81 43 3906
48 1 993
96 87 1002
33 22 8016
40 74 3055
95 37 180
28 61 6758
72 73 9194
30 31 7370
94 51 2307
38 100 3047
13 35 7122
97 96 5227
12 46 6937
45 94 7517
4 7 4099
69 9 162
49 72 7244
11 59 9852
58 63 7066
26 46 117
75 47 3607
96 50 2755
99 26 3325
15 16 5053
76 96 5820
19 71 6379
87 83 4646
84 89 7023
70 83 5415
35 47 3118
23 64 6427
38 20 6370
99 29 2060
46 81 793
38 25 5851
82 72 5209
75 94 3735
71 61 6695
61 53 5183
94 24 9368
66 57 6108
96 63 7920
36 70 3145
19 63 7853
28 24 2243
64 29 7721
11 10 5088
44 26 703
91 80 8932
58 91 449
5 47 5481
14 41 423
78 2 7355
85 25 5480
66 81 445
28 68 3380
87 84 9262
13 46 3459
71 88 5229
18 31 3967
61 9 4514
80 32 8173
35 88 7961
26 91 4838
30 41 4832
28 86 7967
40 52 7755
75 93 6280
13 77 3624
86 87 4166
1 100 5883
28 82 3954
36 2 9066
34 3 3283
69 98 8791
4 24 7563
8 90 9886
29 41 9313
71 28 6615
88 79 6360
23 31 9467
40 93 4312
78 56 1529
73 21 5531
44 84 5950
58 78 5920
79 22 4002
75 44 8892
5 68 1746
57 53 3445
40 7 6010
10 51 8338
96 58 7593
36 86 8801
41 3 8391
78 52 3956
34 97 5445
45 77 5382
99 44 4512
32 70 4006
71 39 8253
77 60 3533
2 57 5312
1 57 8603
35 34 1048
100 32 1074
64 80 7342
13 15 955
65 72 7953
49 19 2291
44 63 586
61 70 8930
76 57 2057
93 100 7422
40 76 8960
45 21 5492
36 31 4453
84 12 279
39 88 7379
44 92 5458
75 49 9436
44 24 9659
36 15 1536
3 88 5280
66 94 5099
22 53 815
98 17 6868
40 88 386
33 70 5921
92 73 2458
46 23 878
14 98 4168
86 34 6851
68 30 7205
93 21 3526
12 31 7720
36 12 9816
80 64 7352
82 2 770
88 27 1049
100 44 2306
51 44 756
42 62 3393
71 31 1027
17 60 1757
50 34 1543
95 84 4926
55 68 4534
34 69 8178
70 8 3307
31 92 8136
86 1 1596
1 98 3736
9 70 897
77 43 913
35 75 252
72 24 9279
64 77 3369
94 40 8957
64 86 2775
24 41 7864
55 57 7121
43 99 2863
55 54 1877
12 26 8331
59 91 4119
90 75 471
31 43 1147
85 57 4305
4 42 9029
39 69 2666
87 52 3327
45 87 1299
69 83 938
94 33 8703
17 55 4741
69 17 5966
43 59 3455
18 28 1760
90 33 5864
69 57 7788
57 10 5502
72 57 2832
98 42 424
60 80 2755
6 17 85
57 27 5669
76 27 8238
13 51 3240
13 76 7079
97 17 8073
77 54 9059
57 37 724
3 63 7996
9 27 1610
13 36 7802
85 99 3280
33 37 4246
8 73 1935
8 5 8655
31 81 3547
99 13 384
51 95 8101
5 32 7370
83 13 9410
63 20 5370
18 9 218
14 93 5656
52 92 6783
77 19 4409
12 58 7812
44 66 5255
38 54 7155
29 74 9152
25 60 8
50 44 970
29 5 1346
78 92 8124
74 68 8973
73 64 9585
92 52 2218
31 35 8058
39 21 502
4 5 4457
21 90 8413
24 1 6132
15 88 4163
1 15 3621
43 67 3959
92 72 9651
18 58 4907
37 75 7453
86 77 4978
43 25 2245
68 55 9106
13 24 4004
54 65 4402
62 97 2445
59 37 2730
44 68 4729
85 31 3682
99 48 3234
46 77 320
45 18 6273
16 63 511
55 26 4047
50 15 4226
97 42 5973
64 50 5657
13 9 4920
94 28 1512
20 36 9532
96 24 9794
7 52 2034
81 65 9696
35 60 701
23 52 9951
26 6 8997
4 46 4465
34 52 7668
92 57 3166
83 82 1184
24 26 671
71 97 3976
77 47 3558
42 37 7611
95 98 5699
25 39 9174
30 14 9081
68 28 8782
44 61 2365
87 98 4843
67 48 943
9 23 8719
5 36 9284
94 49 7470
73 23 1998
24 11 1496
46 1 7393
17 35 5384
13 34 7998
100 10 9418
53 90 7247
83 1 1567
38 39 8081
38 3 8895
10 43 9653
37 46 6491
2 79 2222
11 6 8951
3 95 1151
67 7 465
31 48 2768
45 56 1253
14 80 2157
12 19 7064
25 21 1092
65 6 1027
2 7 9124
70 96 5547
85 22 6716
14 28 5518
26 32 6053
61 49 9961
55 12 1507
55 40 6470
4 34 8484
46 14 4684
95 88 6108
35 77 9127
71 81 3539
70 43 2341
94 27 8093
44 57 8453
66 12 5299
24 99 2576
84 67 8928
20 94 9454
75 84 9837
43 38 8467
39 80 9467
11 37 2338
98 83 9245
46 78 2586
26 59 642
78 12 6641
72 4 8780
4 95 6879
20 45 8912
61 60 6525
82 30 1644
26 94 837
89 72 6168
85 97 9605
4 11 4039
65 94 3330
43 1 6915
67 51 8310
55 8 3945
56 19 2772
28 59 2354
4 70 5623
10 66 5175
34 84 1544
17 89 7896
70 63 3318
73 57 1933
60 52 6754
12 18 861
99 97 4092
37 24 7896
54 41 8195
43 64 9994
40 60 2434
19 10 1907
90 76 411
71 76 6707
44 21 993
74 91 4816
40 92 4548
33 67 3938
58 69 4110
41 62 2590
68 19 7547
5 41 2897
31 85 9710
17 83 2812
11 54 4776
57 23 1683
50 41 7061
36 87 4005
48 63 7696
7 30 6731
71 6 1655
6 1 7949
2 93 9851
90 60 248
3 57 3235
31 63 9220
70 37 9087
54 42 2791
60 56 7506
83 93 629
36 79 3546
1 70 8883
14 89 9592
23 34 3013
26 33 5658
71 2 3618
1 18 4557
58 72 6849
38 28 5397
6 84 4954
29 68 359
45 62 2521
89 7 5687
24 53 6174
95 51 7939
77 48 6499
74 93 65
53 60 2421
16 34 4193
20 28 5316
15 71 2728
35 81 9369
7 84 8647
20 59 4793
40 77 7755
50 95 6516
47 34 1308
3 56 3494
1 59 2589
88 22 6209
23 61 362
23 55 5656
80 99 6616
52 50 6330
94 43 9799
91 87 8595
2 65 972
1 83 8566
52 27 8961
50 91 6089
74 57 2546
16 90 2806
4 83 683
6 52 6043
37 87 2375
30 69 2957
11 41 8742
28 40 662
93 6 6441
5 31 9087
32 91 4361
13 30 4752
93 57 3527
47 7 8733
88 77 9649
63 31 572
5 65 3643
11 34 4345
68 6 6491
80 89 7342
24 20 5796
3 28 3310
38 87 157
75 17 6524
35 55 5602
58 67 4458
23 15 4957
59 10 5586
35 37 8116
47 43 1876
29 83 7612
36 49 4032
69 91 1480
52 96 5551
71 3 7328
91 76 44
1 16 3863
8 76 9230
91 2 4786
88 97 177
11 67 3107
41 1 7543
71 83 910
93 7 9323
23 3 3783
89 93 5104
46 4 7396
80 27 4040
11 69 2009
25 83 2127
87 51 4063
47 91 7239
60 75 4531
57 68 2553
31 2 9638
82 18 1579
62 81 571
72 25 1281
45 13 4916
75 59 3723
91 53 5227
6 94 7429
19 35 3894
24 73 8706
36 41 2821
11 64 8423
7 12 2374
32 29 4577
34 40 225
92 38 644
32 11 1317
88 92 9959
37 6 7728
37 99 8912
68 42 9402
99 55 9488
32 17 5831
22 67 7425
60 19 7664
29 56 3775
82 25 894
36 39 7671
62 27 9351
34 11 1127
87 64 4562
13 18 4900
73 97 9940
52 73 3251
88 58 34
28 93 5165
77 44 7532
10 11 1189
26 79 1855
49 51 8649
19 2 2730
83 54 7422
19 38 3669
86 65 2503
77 38 1465
91 79 4966
33 3 2115
3 84 844
52 67 9205
56 64 2255
69 55 876
21 57 3425
52 57 3107
28 8 2612
69 41 6021
41 81 7408
94 87 5488
56 42 8413
57 59 4522
15 89 849
54 63 4996
59 50 9318
22 90 3188
86 37 3506
81 88 9925
100 71 8471
62 91 4991
11 68 6482
86 54 9737
56 25 6182
5 30 8881
78 79 3913
60 71 9435
37 2 7997
93 94 858
11 75 1510
31 77 7144
18 12 3520
91 15 8654
88 20 6557
41 74 8761
26 97 6332
73 80 4283
10 93 2327
67 95 8736
93 44 1907
56 40 4756
2 20 2090
93 59 566
59 73 7966
80 5 3468
82 35 3554
79 72 1858
51 57 5129
60 88 266
100 54 918
55 17 3090
24 74 1161
80 3 9890
93 13 3646
26 74 844
82 21 4843
33 61 3061
27 7 3269
40 31 2118
42 10 4080
83 5 1286
21 38 4140
91 88 8786
97 84 4140
80 62 551
64 12 1365
62 56 4085
62 69 8938
47 54 1768
16 67 2178
15 7 3581
29 37 3311
42 27 5972
14 82 7070
80 10 3258
10 16 8648
1 2 5890
64 92 2996
73 14 8895
12 97 8053
80 34 8848
41 80 8917
49 84 6479
13 29 7223
92 47 8183
4 35 3171
14 86 4170
42 50 1247
71 10 7787
78 80 4276
61 31 6194
55 59 1938
38 32 5520
15 28 8152
98 30 58
78 9 3831
76 33 8471
55 9 6619
50 8 3963
24 72 4984
8 30 452
58 76 1636
84 16 4358
5 1 2593
78 48 166
38 57 7617
70 75 8622
31 37 5553
41 50 3906
95 19 5659
14 24 1044
96 92 7441
95 18 2858
55 41 7334
13 63 6291
25 100 9262
40 6 8702
14 56 2855
54 36 9506
79 32 5055
29 39 3118
18 88 9088
15 38 2940
98 19 6127
93 37 534
99 41 7112
34 12 2383
49 58 1622
67 88 5596
84 46 6013
58 82 2147
82 61 9098
80 40 7353
53 4 6130
29 60 3390
54 64 8405
87 12 4935
87 76 2380
57 20 6906
49 88 2372
23 30 5262
49 67 813
80 33 8484
63 73 2423
24 45 8079
18 33 635
37 95 6806
27 94 6588
85 98 4778
54 33 1777
92 68 8532
86 41 6127
37 74 4262
38 81 7932
44 4 1470
51 86 2948
75 71 3208
11 94 5673
6 25 1684
29 8 5447
74 41 2431
18 24 8984
7 51 6330
99 6 806
38 86 6407
52 45 8512
5 14 4427
23 29 8902
46 92 8850
43 19 1068
15 75 5034
42 24 8992
54 52 3107
18 84 5608
83 65 9279
31 71 6796
40 26 7370
4 13 5230
55 37 6934
12 48 3931
96 10 6464
35 1 553
9 54 5419
72 7 8550
22 45 2313
65 32 3053
58 35 3986
4 27 3057
57 44 5273
35 28 387
65 39 5871
8 52 2038
12 70 4999
2 56 7954
42 8 9120
31 97 5222
31 3 2534
45 14 6950
50 71 9290
27 16 405
69 43 8145
26 40 6214
64 90 6675
95 66 9426
2 3 6027
1 97 7417
82 65 4550
44 91 7800
48 61 681
60 82 3365
2 14 1157
34 44 5998
4 50 7471
5 85 1157
25 36 4686
81 89 9938
68 90 8825
28 88 340
14 74 4955
97 4 693
86 5 1051
85 15 2123
47 77 942
13 3 161
36 19 1126
69 16 544
98 40 2564
84 29 9072
48 52 9789
79 52 2923
3 41 6640
85 49 8464
4 9 4797
48 71 9358
57 100 9382
78 67 7976
86 78 3098
4 74 1017
35 95 5631
41 60 5033
24 32 9241
100 28 2088
72 15 6636
2 74 5541
90 78 2196
39 50 3673
67 39 9240
99 38 6632
11 85 3886
97 35 4571
98 27 7631
92 100 1596
36 32 8846
1 77 21
11 17 2168
34 53 5646
78 13 3105
32 64 1913
1 35 7154
66 41 4478
82 47 5236
52 76 940
30 46 3288
2 70 9543
79 38 6813
97 36 2353
25 31 2085
95 47 553
27 29 9560
45 11 990
74 47 2418
90 85 4478
93 82 3149
62 50 4898
92 55 3392
41 47 4826
18 73 1895
86 96 3955
41 18 6094
71 15 5013
49 53 744
86 51 6359
19 68 152
90 6 7443
84 3 5212
43 61 4485
54 44 2409
15 29 5932
88 47 5856
4 16 5474
60 53 3735
26 56 8090
61 46 2399
87 49 9203
27 80 4517
52 71 835
63 6 2888
31 89 5157
66 56 2839
52 31 9776
30 35 9995
21 4 5166
20 67 4579
6 39 8769
62 75 3803
26 24 9699
20 54 1324
68 14 7606
84 24 4974
24 31 3499
65 8 1991
92 42 7643
46 59 2700
15 94 8582
24 68 9944
57 34 3375
98 13 7957
12 99 6026
5 63 2373
14 84 746
86 58 5375
46 63 2992
74 11 6464
2 10 3899
59 79 4900
17 6 7881
95 60 3058
52 29 6631
99 65 5478
40 54 8075
9 37 1232
59 33 3954
42 6 9128
39 10 4981
12 30 3754
59 28 1626
96 30 9288
93 33 9985
38 73 5294
73 85 905
95 82 9355
28 49 930
80 71 8078
97 54 7665
17 65 4681
17 52 4336
6 14 1512
56 5 6581
73 3 3030
29 44 3574
40 21 4073
81 99 3382
52 89 4347
40 81 7979
22 100 5087
32 7 1988
32 68 9947
50 39 8883
76 97 9019
27 71 3303
67 9 3193
17 24 6253
85 58 7541
76 37 412
9 33 9417
70 71 8040
51 76 3283
36 82 6064
99 4 7473
97 83 808
4 56 1130
75 28 5128
63 19 7182
61 23 7685
3 27 9013
78 85 1900
95 45 8821
59 78 1417
50 59 3822
68 57 9281
55 62 5356
4 49 7733
52 4 8908
57 45 9668
46 24 9023
45 19 5693
12 34 6256
32 62 959
66 63 8249
61 33 7
76 1 4
63 31 2
99 54 4
44 96 1
75 33 1
83 81 1
85 30 0
75 68 0
34 5 2
