20 100 3 10
3 16 10
17 10 3
18 8 5
11 14 7
11 18 5
9 2 9
19 12 10
13 11 7
20 15 5
11 2 8
18 20 8
14 11 8
5 2 3
15 16 3
8 9 8
17 11 6
15 8 8
13 14 1
3 4 2
3 14 6
11 19 4
20 5 9
13 20 7
6 10 6
9 6 6
13 12 8
13 19 8
14 13 4
2 13 9
4 6 9
19 15 7
8 2 2
11 20 5
17 9 2
2 18 7
19 20 8
13 6 1
1 4 4
19 4 1
8 4 8
18 2 10
15 11 8
3 20 8
20 10 4
4 18 4
6 20 9
2 16 1
10 14 2
8 16 6
12 4 7
8 20 1
20 8 9
8 15 9
10 19 5
6 4 2
7 14 6
14 20 4
3 12 5
4 13 5
11 6 3
6 7 9
16 9 6
11 3 8
4 5 5
4 10 2
16 3 10
7 4 4
13 2 5
5 12 6
20 17 1
17 18 7
16 10 4
5 11 10
6 2 10
13 17 9
19 11 8
14 6 6
20 1 7
15 5 9
6 19 10
20 3 3
20 12 3
12 2 6
20 14 3
8 1 2
7 2 5
6 8 8
19 1 2
8 17 3
15 7 7
20 4 10
9 15 4
12 8 2
14 4 5
2 7 10
7 5 4
10 1 6
8 19 1
1 16 4
4 1 5
15 13 2
1 4 0
18 19 3
17 5 0
3 16 2
10 15 0
3 12 2
15 5 2
10 9 2
17 5 3
