50 500 2 100
49 15 837
35 9 82
34 41 495
37 7 627
43 2 204
48 34 24
13 45 671
35 39 429
19 40 872
34 18 795
47 18 30
5 14 757
7 2 211
43 48 88
10 27 33
21 23 128
38 3 580
38 1 108
19 20 545
33 18 980
42 38 880
29 23 245
2 35 761
16 15 232
21 29 421
1 31 418
48 24 963
33 27 706
44 8 492
11 21 502
13 42 299
40 21 149
49 34 928
12 43 415
40 11 732
25 7 902
18 33 165
24 14 1
47 33 565
42 18 592
42 35 279
11 5 250
29 37 204
50 35 50
6 9 960
41 15 238
32 19 280
19 32 356
14 39 776
36 27 847
27 18 950
47 23 774
13 38 494
13 23 980
32 7 184
8 20 18
20 50 62
6 49 941
43 18 693
31 47 48
32 3 130
42 19 500
1 44 964
41 17 485
50 25 399
28 26 435
45 40 120
1 12 737
9 43 639
26 38 842
45 2 610
25 10 78
24 1 154
42 37 16
37 40 49
32 49 106
3 40 362
17 1 200
17 29 29
39 18 626
30 32 778
1 26 838
6 36 623
5 42 933
34 21 464
26 43 244
2 32 433
23 47 76
13 46 9
7 48 227
20 15 130
4 9 608
48 50 362
10 17 927
7 15 259
28 40 268
48 47 808
13 40 408
28 36 119
15 24 205
28 45 55
36 4 568
16 18 296
8 10 953
34 16 888
30 19 99
9 46 870
31 50 945
50 22 591
10 39 417
6 21 461
14 48 931
16 37 611
36 44 47
25 26 289
6 15 89
29 32 231
45 50 303
35 7 585
33 12 595
49 50 911
4 13 620
45 18 796
10 11 206
12 25 994
15 33 781
14 35 20
27 31 93
46 30 676
11 23 200
42 9 402
45 47 691
27 15 556
4 40 191
30 50 121
39 4 699
33 23 709
3 47 666
13 12 514
3 36 874
48 18 317
1 13 93
6 4 184
44 16 147
7 26 171
26 10 813
9 35 930
5 43 345
39 47 451
26 8 632
21 46 836
29 41 78
11 10 90
7 38 768
32 24 614
13 28 437
12 50 754
8 41 65
32 5 834
43 28 431
47 12 102
17 38 382
3 14 300
50 6 90
20 25 399
38 24 456
46 45 104
11 15 756
20 43 649
23 39 214
39 7 930
44 1 512
37 23 222
31 10 115
6 24 232
28 8 793
2 41 708
1 25 623
35 45 421
42 41 201
20 6 958
37 50 597
45 41 683
27 23 283
8 43 530
27 35 730
37 27 924
34 8 884
23 49 606
16 7 425
37 9 676
14 38 98
23 30 856
11 25 220
7 29 766
23 2 254
39 26 701
14 23 242
8 18 145
21 7 749
13 15 43
8 46 622
42 34 24
50 47 667
43 31 779
13 35 417
34 35 937
26 2 687
3 50 160
47 13 448
3 12 276
15 35 742
24 29 426
35 50 158
2 7 32
23 42 919
42 5 961
14 2 918
23 29 841
26 33 277
2 40 263
12 23 44
1 35 565
45 26 526
24 19 541
9 11 826
37 31 579
26 48 845
22 15 545
36 14 75
4 6 467
23 25 528
12 4 669
19 37 961
43 22 849
10 1 387
29 1 239
2 49 911
12 2 575
24 16 798
7 16 321
17 20 212
33 39 385
3 28 309
10 3 473
14 15 951
29 44 241
26 18 548
20 19 363
42 15 951
33 41 879
44 40 770
19 46 546
26 32 149
48 9 658
3 37 732
50 42 872
40 9 2
35 17 357
43 32 51
43 19 752
35 19 422
40 39 693
13 25 734
7 28 127
10 36 276
31 30 55
17 12 186
44 46 152
46 47 665
23 14 829
29 11 105
37 45 592
23 10 323
36 40 161
46 13 615
36 41 441
17 35 982
19 42 147
21 48 777
10 23 420
38 45 539
47 22 560
24 43 276
29 31 68
15 4 516
44 36 705
22 26 60
50 3 476
28 33 535
13 3 60
30 37 176
6 41 459
36 48 82
15 40 435
41 10 936
50 18 576
44 5 566
15 17 346
3 16 244
9 42 240
19 30 280
30 33 871
3 48 177
5 20 814
28 50 15
28 41 982
15 16 939
44 17 412
21 12 776
9 27 900
30 43 434
29 49 708
30 22 492
17 36 185
41 22 686
22 13 733
27 25 386
16 46 468
4 11 74
46 31 281
25 28 72
22 44 954
49 18 291
13 18 803
37 2 315
2 14 796
33 16 444
2 26 484
44 27 223
44 32 369
25 35 388
33 38 89
2 43 131
21 31 241
44 35 216
13 50 834
50 16 41
14 42 882
41 14 545
31 9 331
47 39 231
4 25 404
18 34 553
25 6 907
8 36 158
9 17 908
14 3 277
49 19 834
2 47 370
29 38 755
38 16 882
29 50 869
39 42 11
44 10 968
1 17 740
22 38 91
7 9 666
40 8 965
5 44 581
29 47 153
4 5 54
12 36 422
46 33 70
46 23 303
8 14 321
6 31 912
16 2 997
21 37 699
10 47 404
18 4 461
15 7 385
38 6 136
5 17 134
11 45 940
34 46 883
26 21 59
39 22 525
36 26 640
25 47 272
32 18 638
10 45 577
25 30 220
48 19 508
47 35 549
2 24 14
47 36 319
31 22 345
33 20 300
11 30 65
49 25 622
43 4 188
34 50 44
36 8 986
41 40 122
15 19 567
24 42 589
42 21 221
19 29 513
26 4 827
31 25 599
41 50 146
6 44 5
9 40 392
13 32 645
12 6 32
38 40 964
12 24 377
5 6 82
38 4 460
2 1 590
35 44 381
42 24 872
41 27 166
15 49 621
19 18 759
5 36 91
40 17 753
8 1 323
32 20 775
32 22 58
23 32 760
29 7 812
38 29 757
20 24 166
47 26 879
35 13 561
50 11 622
6 35 805
40 28 367
39 31 356
21 8 882
22 43 399
11 33 146
25 36 672
48 23 853
49 17 693
35 2 411
35 16 945
18 5 584
26 44 856
18 50 641
45 48 356
42 11 947
11 46 564
18 37 674
40 50 12
10 2 551
8 22 628
39 1 907
2 17 141
36 6 564
7 47 947
41 21 351
46 40 384
1 21 392
46 38 561
38 33 144
45 15 925
34 28 173
33 19 758
46 8 896
46 25 958
6 19 623
22 41 852
9 24 858
10 32 910
34 23 846
32 43 634
6 5 712
18 23 346
13 30 81
45 7 835
17 39 958
48 28 384
46 32 445
26 36 158
14 43 55
41 38 285
22 19 427
49 6 412
8 9 533
46 10 519
5 31 482
23 16 61
27 8 714
21 44 774
16 26 852
22 34 312
6 23 282
43 34 585
36 13 855
21 1 169
36 47 456
31 8 529
9 5 378
2 6 934
22 46 387
26 47 501
50 28 300
18 48 2
35 12 0
11 45 1
19 10 1
19 35 2
38 43 2
24 22 1
27 36 0
13 30 0
37 22 0
25 12 2
5 13 0
2 30 2
9 48 0
18 1 2
46 3 1
33 32 2
24 9 2
42 13 1
8 14 1
13 35 2
50 34 1
22 50 2
40 45 1
22 13 2
29 27 1
21 30 1
12 19 0
24 15 0
40 2 0
7 45 0
3 24 2
30 12 1
39 22 0
17 30 0
36 21 0
18 13 2
28 33 0
22 37 1
38 50 1
5 4 1
20 29 1
38 34 2
43 16 2
23 38 2
50 8 1
38 36 1
17 27 2
41 48 2
33 13 0
38 43 0
37 20 2
23 43 0
7 20 0
2 2 0
5 47 2
17 34 1
24 34 2
29 15 2
44 13 2
2 1 2
8 16 1
29 45 1
37 29 0
10 36 1
24 6 2
25 38 2
13 19 0
36 50 2
16 35 0
24 44 1
15 16 0
10 46 2
29 44 0
8 17 0
16 29 1
6 14 0
14 18 0
29 3 1
38 41 0
7 46 1
38 20 0
8 42 2
10 30 0
36 48 0
38 37 2
22 26 2
24 34 0
7 2 0
18 39 0
13 11 0
34 29 0
13 49 1
29 41 2
41 13 2
38 46 0
7 49 1
25 24 1
18 35 2
3 14 2
