50 100 0 100
29 13 86
7 50 486
23 33 420
40 31 803
48 20 95
44 28 199
38 19 148
46 32 101
9 39 995
25 42 39
17 45 466
35 8 525
13 26 824
6 3 831
31 49 755
41 47 92
28 2 977
1 31 85
18 12 77
6 26 862
37 13 698
19 36 988
28 29 158
30 29 765
6 12 292
13 39 788
32 42 167
23 13 605
14 9 341
6 22 869
12 35 405
39 38 97
36 34 756
15 9 881
14 36 387
3 17 265
1 43 695
15 35 445
19 22 488
29 26 338
7 25 411
15 5 983
39 48 808
44 1 25
49 39 615
5 37 234
46 8 275
23 35 829
19 47 352
50 35 211
50 37 435
47 5 244
20 47 35
42 1 861
29 21 304
38 24 882
40 20 290
27 22 760
22 31 632
14 6 855
31 40 47
21 2 206
6 38 175
5 38 732
5 47 779
20 24 1000
16 40 435
45 14 353
36 15 429
17 26 520
46 14 415
23 9 565
50 43 430
49 35 765
27 4 861
5 43 478
26 46 1000
36 27 506
19 45 516
3 41 464
24 11 450
21 30 431
21 12 860
49 25 766
37 7 336
28 26 534
12 46 655
2 37 546
4 19 109
4 26 983
7 8 345
49 17 507
4 10 617
11 33 212
26 48 818
21 4 749
12 38 504
37 49 622
14 25 994
18 24 901
14 32 0
40 16 0
35 19 0
39 42 0
44 9 0
10 18 0
8 50 0
20 1 0
26 22 0
8 49 0
11 37 0
6 45 0
7 14 0
26 10 0
34 43 0
16 9 0
4 44 0
16 41 0
37 8 0
4 24 0
39 3 0
44 43 0
9 38 0
47 38 0
40 35 0
43 45 0
19 27 0
32 4 0
25 41 0
46 14 0
34 44 0
27 37 0
18 22 0
45 6 0
23 47 0
14 48 0
42 9 0
33 17 0
5 47 0
42 12 0
21 38 0
27 49 0
8 41 0
16 39 0
43 34 0
32 16 0
9 19 0
36 30 0
35 46 0
33 40 0
22 6 0
12 20 0
48 12 0
16 17 0
35 12 0
37 7 0
25 39 0
17 33 0
33 19 0
7 6 0
5 6 0
22 33 0
28 9 0
31 25 0
43 7 0
3 32 0
26 44 0
6 15 0
12 16 0
5 19 0
20 13 0
28 43 0
27 11 0
6 31 0
36 26 0
1 36 0
9 20 0
37 44 0
4 24 0
24 7 0
39 21 0
9 19 0
49 33 0
49 19 0
24 50 0
41 28 0
45 6 0
5 50 0
4 38 0
31 36 0
16 44 0
29 34 0
41 1 0
35 8 0
8 36 0
25 1 0
17 10 0
33 11 0
35 12 0
28 21 0
