50 500 2 1000
44 22 448
28 44 343
42 9 760
12 10 452
41 18 547
30 35 741
6 1 914
8 7 558
3 35 341
45 46 207
2 41 41
38 12 422
28 46 641
44 12 615
40 45 186
23 49 611
10 26 476
12 46 768
15 9 400
41 49 735
40 7 126
25 15 511
22 43 525
27 9 829
34 15 217
10 19 903
4 46 207
42 5 653
12 38 686
49 9 633
28 40 479
44 10 48
32 10 707
40 29 811
30 12 332
16 42 710
22 25 397
44 37 40
14 3 10
20 39 68
29 16 638
5 13 414
8 46 733
13 41 972
49 21 18
45 31 544
26 28 105
17 47 659
2 12 747
35 10 277
28 32 392
6 33 576
18 38 182
36 1 861
30 27 339
20 11 516
20 40 634
34 21 286
2 29 68
31 20 265
49 7 408
14 33 834
21 48 720
30 29 585
20 38 504
15 50 849
31 30 439
1 23 870
46 23 358
39 12 708
22 48 528
19 34 750
13 42 728
17 36 274
33 44 502
28 27 828
40 27 898
20 34 53
43 46 317
48 10 25
8 37 560
41 7 524
46 42 181
7 23 257
14 44 706
13 28 186
8 25 555
41 4 785
31 50 954
2 25 291
25 18 729
27 11 856
22 20 130
2 22 222
12 37 241
38 47 857
35 42 57
15 3 176
21 9 108
27 30 286
46 31 289
26 18 683
5 36 178
21 42 987
11 39 472
2 13 358
49 6 837
9 18 758
7 40 234
46 25 611
36 33 512
38 1 149
16 27 477
40 22 64
40 8 478
16 34 735
6 12 653
37 1 965
7 18 457
23 6 242
18 35 296
37 24 707
2 6 504
33 15 440
40 37 943
15 7 327
23 46 775
9 24 267
3 34 995
43 20 979
23 21 416
43 2 181
39 7 192
21 2 935
6 48 609
45 13 789
43 29 733
33 23 906
46 39 377
47 26 903
25 23 424
47 14 983
19 38 54
36 44 566
6 8 485
35 39 642
12 6 440
23 11 176
48 17 526
16 39 212
31 44 594
28 29 28
14 22 785
50 31 614
39 32 178
33 10 496
4 34 646
29 11 953
1 6 5
35 18 289
7 27 47
30 13 995
2 36 450
25 3 352
24 30 439
17 1 695
40 23 353
38 21 108
15 34 189
33 28 610
20 8 875
13 48 996
33 40 615
27 48 907
11 47 845
21 22 328
44 29 328
4 18 286
10 43 940
37 17 343
24 17 194
22 12 550
26 46 773
11 25 775
15 19 580
50 27 226
19 29 818
15 27 17
16 22 545
4 24 437
5 39 296
42 39 202
32 48 144
25 12 610
14 41 774
4 22 620
24 48 79
16 1 968
10 22 45
2 19 861
21 33 394
26 45 174
34 40 888
40 26 13
44 48 918
28 10 574
36 45 138
49 47 883
47 32 452
33 2 284
48 9 62
18 21 17
13 17 625
43 19 977
31 14 131
24 25 217
50 28 578
37 26 344
37 31 148
33 1 550
2 50 518
46 34 507
29 37 723
35 16 246
45 20 782
38 26 805
27 44 921
14 50 985
9 12 537
27 43 912
10 21 135
11 17 464
23 43 168
42 40 922
32 25 871
40 18 182
30 41 962
25 7 69
4 37 171
25 38 347
31 5 427
27 39 776
42 47 776
21 17 806
25 22 829
34 17 582
3 4 31
39 5 950
46 48 929
9 49 965
16 36 741
11 31 175
36 25 84
34 1 326
28 8 69
17 14 737
29 15 845
8 26 398
23 1 908
17 50 714
11 37 395
50 8 430
35 33 445
13 12 817
15 6 958
1 27 2
23 19 785
43 37 611
37 21 179
36 11 577
26 19 171
48 4 960
24 50 319
15 47 291
1 4 990
7 33 948
1 50 993
13 18 722
33 16 757
29 34 283
44 50 999
46 26 855
46 44 663
40 50 901
50 10 387
49 2 387
40 2 354
32 19 797
9 3 994
21 18 392
24 9 199
19 9 541
5 48 219
3 6 426
22 30 178
31 22 193
2 15 587
16 45 884
31 1 479
1 7 66
33 5 133
41 31 599
45 35 434
38 16 367
18 9 482
49 26 524
41 32 816
10 5 41
46 47 729
37 5 549
34 8 405
43 35 554
1 45 267
28 24 371
36 9 582
22 13 839
38 2 353
39 2 950
3 27 778
42 31 792
3 47 226
41 28 526
34 12 663
12 42 792
36 16 911
43 47 209
42 50 266
16 24 785
19 31 806
35 50 13
19 43 665
19 32 825
15 8 688
50 34 793
11 24 121
33 43 353
20 2 584
33 17 889
15 22 320
44 42 399
29 35 323
18 24 952
10 32 227
23 34 381
28 19 670
13 6 222
6 35 867
35 32 778
21 20 102
32 18 458
21 4 681
33 19 536
27 34 651
47 31 473
36 21 868
45 14 61
14 6 174
3 8 24
16 43 105
24 20 889
38 44 301
5 25 199
18 28 641
33 22 647
20 35 614
14 8 871
10 16 922
39 40 537
17 18 253
31 24 521
50 16 506
13 21 394
6 14 684
12 21 522
22 41 178
36 46 949
1 21 624
3 20 961
5 22 204
15 23 241
1 36 414
46 8 181
50 49 374
34 6 788
22 16 482
9 35 217
37 11 801
34 38 60
5 30 472
44 45 954
49 19 2
39 26 243
21 7 345
15 42 891
49 29 204
17 12 366
16 29 250
15 21 951
37 47 835
45 34 828
21 31 780
34 46 351
12 49 873
46 14 828
15 17 780
30 3 473
41 2 58
41 23 113
7 47 144
5 28 574
7 31 850
16 13 167
31 35 405
32 40 186
11 34 165
36 5 99
18 20 633
5 16 32
6 20 478
39 22 222
50 47 192
8 38 655
48 8 50
25 20 638
49 45 952
6 45 544
25 5 23
10 18 238
47 41 853
15 26 995
50 9 811
7 42 510
25 34 578
42 12 102
5 34 231
29 8 858
21 23 318
10 14 220
32 36 917
41 34 965
13 22 974
16 21 893
1 47 9
20 23 849
32 35 119
31 34 646
47 11 612
2 10 882
33 35 916
26 7 623
2 33 322
45 30 290
8 9 40
29 5 111
43 42 360
35 2 466
9 39 843
47 23 68
43 49 393
45 50 842
48 11 484
30 23 640
24 8 323
1 14 649
23 44 146
44 2 227
35 1 861
32 22 450
26 5 863
46 21 222
49 30 763
13 10 623
1 3 64
8 12 158
8 34 344
2 47 518
44 17 725
21 12 416
9 15 560
28 50 578
17 35 505
31 26 490
36 31 249
31 49 824
21 16 236
5 44 406
32 28 141
18 12 722
3 38 900
4 17 157
2 46 406
44 11 869
27 38 309
24 15 354
44 39 165
30 33 630
41 50 298
48 14 539
39 11 30
48 21 59
26 23 1
42 26 1
15 4 1
24 14 0
45 23 1
30 45 1
39 15 2
11 46 1
38 46 2
9 39 0
44 37 1
17 31 1
26 47 2
40 13 1
41 26 0
24 14 2
32 23 2
43 11 1
47 29 2
45 47 1
30 25 2
21 22 1
33 3 0
1 39 2
46 33 0
44 34 0
40 33 2
14 10 2
12 35 0
15 11 1
36 46 1
35 25 0
50 15 0
14 4 0
46 11 0
38 3 2
20 3 0
39 17 1
28 45 1
27 3 1
39 9 2
10 50 2
42 40 0
31 33 0
44 38 2
43 8 1
3 36 0
16 46 2
50 9 1
19 30 2
36 32 0
45 45 2
45 3 0
29 31 1
48 18 2
4 1 0
37 40 2
41 23 2
32 10 2
25 20 0
14 38 2
3 18 1
11 34 1
26 31 1
38 29 2
45 13 2
16 39 1
11 28 0
17 47 2
7 12 0
28 7 2
33 42 0
8 17 2
31 16 2
50 11 1
24 26 2
30 14 1
34 16 2
24 21 1
27 16 2
25 48 0
41 6 1
18 21 1
16 41 0
27 38 2
20 7 2
39 37 0
43 50 2
31 49 2
40 48 0
31 31 0
4 42 0
7 33 1
18 32 0
25 24 0
16 48 2
9 48 1
21 12 1
49 23 0
35 2 2
9 41 0
30 26 2
16 25 1
8 5 0
40 18 1
15 38 0
48 5 1
46 25 1
38 5 2
48 10 0
35 47 1
49 24 0
8 11 2
42 14 2
41 38 1
11 9 0
27 15 0
26 48 2
28 42 1
35 8 0
46 38 1
2 13 0
37 4 2
41 14 0
26 26 0
15 6 2
47 42 0
41 48 2
18 13 0
30 17 0
48 39 1
21 22 2
6 25 1
16 38 2
36 30 1
24 30 1
38 42 1
16 49 0
11 8 0
26 20 2
42 36 0
40 22 0
26 31 2
47 23 0
22 26 2
36 35 2
12 14 1
44 49 1
18 36 2
31 4 0
28 29 0
1 37 1
46 7 2
45 3 2
19 35 0
37 1 1
6 19 2
24 38 0
10 11 0
29 33 2
6 25 1
15 8 0
37 31 0
10 46 1
14 45 2
18 27 1
3 33 1
32 2 2
37 25 2
34 24 0
12 30 2
42 16 0
30 18 2
5 31 2
39 13 0
29 26 0
6 13 0
8 50 0
28 2 1
47 34 2
20 17 0
16 41 2
47 38 0
42 25 0
36 15 0
42 19 1
25 31 0
45 35 0
6 1 2
36 43 2
16 12 2
41 4 2
36 36 2
20 16 2
28 5 0
41 2 2
31 43 1
10 36 0
29 33 2
24 15 0
13 26 0
12 26 0
14 10 1
21 43 0
50 39 1
48 24 2
38 41 0
7 3 0
37 16 0
21 5 1
10 4 0
21 36 2
40 32 1
23 26 1
41 38 1
17 10 1
19 35 2
4 38 1
29 30 1
49 40 2
30 19 0
13 7 1
31 19 0
26 38 2
38 48 1
41 49 1
16 47 1
47 44 1
49 50 0
2 28 2
6 40 1
33 10 0
26 42 2
20 27 0
14 48 0
41 29 0
49 35 2
16 49 0
4 3 0
6 3 2
3 11 1
31 21 1
34 38 2
37 50 0
13 21 0
45 21 1
25 45 0
4 6 1
21 45 0
35 10 0
28 10 1
46 14 1
44 24 1
9 14 0
43 24 1
36 31 0
8 38 2
30 19 1
39 31 1
5 24 1
37 10 2
22 4 2
30 20 2
40 34 0
14 46 0
33 41 2
41 47 2
11 23 1
12 7 2
30 2 2
42 42 2
2 13 2
46 43 1
20 3 2
42 10 1
21 19 2
38 29 0
2 45 1
15 27 1
5 47 2
22 18 2
35 44 1
35 27 1
4 47 1
2 43 2
43 1 1
5 34 2
49 25 1
3 25 1
31 34 0
39 44 0
46 9 2
18 47 0
47 48 1
20 50 2
46 15 1
13 35 0
13 46 1
36 13 2
44 31 1
17 38 2
16 36 1
33 16 2
40 35 0
38 19 2
4 21 0
7 11 0
23 20 1
43 34 1
33 11 2
33 31 1
44 7 1
30 45 1
50 16 2
21 7 0
27 15 2
15 8 2
35 38 0
13 13 0
33 6 2
32 8 0
9 45 2
31 11 0
6 5 0
5 47 0
30 23 0
31 25 1
47 39 0
46 13 0
23 26 0
14 26 2
25 4 2
3 20 1
16 13 2
32 11 2
19 49 0
4 46 0
40 18 1
47 22 0
6 24 0
36 37 1
9 39 1
9 39 1
10 33 2
37 29 0
26 18 0
16 6 1
4 17 1
2 15 0
4 6 1
25 1 1
28 37 2
5 17 1
19 3 1
33 4 0
36 45 2
16 42 2
6 43 2
5 14 1
16 26 1
47 19 1
50 49 2
26 11 0
30 42 1
8 8 1
27 33 1
42 5 0
26 50 1
39 47 2
34 16 0
6 20 0
4 45 0
23 2 2
48 44 0
17 23 1
35 10 1
14 18 2
29 48 2
33 50 2
31 11 1
45 14 1
19 46 2
5 32 0
47 37 0
9 11 2
1 20 1
14 42 1
25 17 0
15 36 0
12 18 0
1 9 1
22 38 0
28 1 0
40 18 1
24 19 1
11 24 1
41 42 1
37 3 1
35 46 0
18 44 0
27 9 2
8 10 1
33 28 1
23 38 1
42 34 2
39 25 0
5 27 0
48 50 1
4 16 2
30 35 0
33 11 2
34 26 1
18 47 2
34 5 0
24 4 2
42 37 0
19 29 1
22 13 0
9 45 1
27 9 2
37 24 2
30 48 0
4 9 1
2 11 1
3 50 0
38 39 2
46 10 0
1 23 2
49 47 0
6 39 1
47 5 1
45 23 1
23 29 0
7 20 0
5 42 1
45 3 0
48 42 1
50 45 2
30 15 0
1 38 2
4 21 2
16 35 1
40 24 2
42 8 2
48 28 2
2 20 2
30 40 1
18 10 2
2 42 2
9 18 1
22 50 2
32 49 0
49 45 1
29 46 0
14 1 2
42 15 2
35 14 1
6 49 2
4 48 2
14 24 0
29 15 0
25 42 2
21 18 2
46 23 0
4 12 2
29 1 0
31 27 0
3 28 2
42 17 0
2 44 2
20 31 1
13 50 2
38 3 2
9 27 1
43 41 2
28 19 1
46 14 2
30 33 0
32 49 2
41 23 1
17 14 2
20 26 2
1 7 1
37 7 2
7 11 0
48 16 1
36 5 0
33 44 2
1 34 1
1 28 1
27 19 2
23 19 1
21 15 2
43 50 2
5 25 0
26 12 1
11 44 1
8 3 2
50 9 2
26 48 1
10 30 0
46 8 2
50 28 1
1 4 1
17 31 0
11 48 0
25 25 2
46 31 0
7 28 1
21 31 0
8 42 1
8 29 2
47 41 1
48 11 0
39 47 1
42 9 0
19 37 1
8 22 2
20 29 1
46 1 0
5 8 0
42 50 2
7 39 0
39 32 1
2 14 0
28 40 1
39 7 2
36 22 0
49 11 0
45 5 1
30 17 2
8 36 0
41 44 0
46 50 0
49 4 1
8 30 0
9 6 0
7 23 0
16 3 2
50 36 1
5 47 2
39 49 1
7 31 1
38 37 1
8 43 1
9 48 1
37 39 2
48 23 0
8 44 2
34 47 0
21 14 2
49 19 0
13 4 1
41 49 2
13 2 0
40 22 0
43 9 0
22 37 0
39 22 0
34 7 1
38 11 1
46 26 1
24 47 0
47 47 2
28 2 0
28 3 1
9 7 0
11 35 0
17 34 0
34 38 2
7 4 0
20 18 1
30 21 2
44 3 0
41 28 2
49 45 0
35 36 0
31 18 1
27 21 2
16 9 0
38 15 1
27 23 0
32 27 2
18 50 2
27 8 1
48 32 0
5 3 0
35 40 0
3 45 0
21 47 0
25 31 0
11 38 0
33 23 1
10 46 2
47 46 2
11 10 1
49 48 2
26 43 2
2 46 0
7 1 1
48 11 1
32 30 2
33 49 2
50 27 1
31 48 1
25 14 0
4 38 2
10 28 2
30 19 2
50 22 1
47 7 2
17 14 1
45 4 2
20 19 2
15 22 0
1 4 1
43 14 1
48 12 2
33 8 1
39 35 0
19 40 0
1 39 0
38 18 2
48 45 1
14 17 0
14 9 0
26 26 0
20 38 0
43 21 0
7 49 2
37 39 1
1 33 1
47 14 2
33 29 1
48 8 1
43 12 2
50 47 0
6 28 1
44 26 1
32 18 2
11 50 2
41 39 2
13 37 1
43 39 1
6 9 2
39 43 1
11 8 1
47 13 1
7 21 0
26 13 1
40 33 0
13 18 2
20 30 0
40 6 1
44 37 1
24 25 0
31 18 1
21 45 0
25 48 0
35 41 2
10 42 2
43 19 1
41 12 1
4 31 1
11 45 0
21 3 2
32 5 2
42 37 1
9 31 2
30 29 2
23 17 0
37 19 1
11 13 2
50 38 1
14 16 1
26 18 2
8 20 1
5 47 1
45 6 2
12 47 2
23 19 0
32 14 0
50 50 1
1 50 1
9 48 2
35 15 2
4 2 2
39 2 0
26 24 2
42 50 1
25 50 1
12 33 1
26 35 1
43 10 1
43 33 0
21 35 2
44 20 1
27 50 2
27 42 2
8 31 1
44 30 1
20 49 1
15 17 2
14 17 2
14 20 2
39 30 2
14 42 0
11 8 2
34 18 2
33 20 0
36 12 1
20 45 2
38 2 1
34 7 1
36 20 1
7 11 2
32 28 2
29 10 2
8 43 1
41 35 1
16 13 0
8 7 0
48 26 0
17 35 2
15 16 0
35 43 2
3 48 2
33 30 2
11 27 0
5 47 2
41 41 1
9 50 1
22 35 2
8 7 0
39 10 1
19 46 2
49 19 2
3 22 1
1 9 2
9 13 1
20 48 1
3 13 1
40 11 0
49 7 0
27 7 2
19 12 0
24 20 1
21 48 1
26 22 0
39 45 1
46 39 1
35 43 1
16 14 2
50 13 1
10 46 0
24 34 2
45 1 0
41 34 1
29 4 2
10 9 2
17 45 2
50 19 2
37 16 0
50 2 1
47 8 1
40 30 1
43 26 0
29 14 1
39 30 0
16 47 0
7 40 1
8 13 0
15 31 0
45 27 2
22 16 2
48 16 0
30 36 0
35 19 1
13 17 0
7 31 0
15 13 0
18 50 0
37 22 1
24 6 0
17 39 0
38 36 2
3 21 0
43 13 0
18 28 1
16 38 2
38 12 2
19 41 2
9 8 0
40 10 2
7 10 1
35 27 1
19 39 1
42 28 0
14 5 1
49 4 1
47 43 0
13 4 0
35 30 2
2 41 2
12 9 2
45 1 1
18 20 0
19 36 1
23 6 1
6 8 2
23 16 0
14 23 0
23 5 1
41 16 1
37 39 1
44 46 2
43 9 1
15 32 1
44 39 1
10 41 2
26 18 0
37 19 0
1 2 1
42 48 2
33 38 1
36 18 1
22 28 2
17 19 2
20 36 2
22 29 1
36 1 1
44 27 2
43 6 0
17 22 2
25 45 2
7 22 0
12 37 0
13 28 1
4 20 0
11 39 2
6 25 0
34 26 1
1 45 0
21 48 2
38 41 1
18 38 2
49 5 2
10 29 1
15 46 1
28 37 0
48 34 2
41 1 1
31 32 0
18 5 0
28 48 1
11 43 2
6 45 0
1 39 1
30 33 1
32 2 1
4 12 1
37 6 2
43 43 2
11 34 2
14 18 1
37 40 1
16 28 2
31 37 2
25 2 0
38 17 1
8 10 2
34 4 0
49 29 1
1 44 2
17 9 0
25 17 2
28 11 0
19 22 2
43 32 1
5 7 1
32 47 0
38 12 1
34 12 1
12 30 2
38 49 0
15 37 1
11 13 2
42 7 1
17 4 2
5 30 1
15 47 0
31 11 2
9 32 0
41 11 2
20 1 2
32 27 2
7 39 0
30 22 0
4 15 2
11 42 0
22 43 2
29 11 0
1 42 0
26 47 1
8 25 1
13 46 2
40 44 1
6 11 1
8 15 1
46 49 0
36 24 0
22 12 2
38 25 0
6 44 1
27 47 1
25 20 0
9 1 2
45 25 2
11 49 2
4 20 2
21 23 1
5 36 0
31 5 1
33 42 1
10 22 0
26 16 2
17 7 0
29 21 2
30 21 1
38 46 2
18 4 0
18 19 1
26 1 0
41 32 0
16 10 1
2 32 2
19 50 2
5 20 1
39 7 0
44 28 2
2 7 2
8 47 2
32 13 0
13 8 2
7 14 0
13 6 1
24 48 2
25 39 2
6 29 1
19 37 1
15 42 1
32 10 0
14 45 2
31 41 2
43 30 1
25 11 0
7 41 2
37 22 2
48 37 2
8 22 0
3 5 0
1 26 1
13 11 2
3 41 1
6 11 0
2 22 1
7 19 1
37 15 0
14 33 1
5 23 2
3 10 2
6 37 2
15 49 2
1 6 0
44 4 1
19 11 2
38 34 1
26 3 0
37 50 2
35 16 0
49 7 0
13 39 0
5 24 2
31 4 2
25 41 1
45 46 2
43 29 1
16 39 1
10 5 0
41 33 2
10 28 0
11 14 1
38 45 0
15 36 0
40 13 2
41 40 1
35 6 1
44 21 0
44 49 2
36 38 2
