20 100 3 1000
8 9 10
18 1 4
15 2 2
10 17 6
1 9 4
12 11 7
9 8 7
6 17 7
4 20 5
17 2 4
16 9 7
12 13 3
16 19 7
19 17 7
18 2 8
20 8 8
2 17 3
9 10 5
18 5 1
17 10 10
17 1 2
18 6 4
18 20 7
19 1 9
12 5 7
2 20 1
17 6 7
14 7 2
4 5 9
7 20 8
15 20 5
8 1 6
14 17 1
1 12 5
9 20 9
6 8 7
12 18 6
9 7 5
2 15 9
15 17 7
7 5 5
10 12 8
18 19 2
20 5 9
5 2 8
3 12 6
18 16 1
11 18 3
13 10 2
10 8 5
11 15 2
19 13 2
9 2 10
5 6 4
10 13 1
18 13 1
17 18 7
20 9 2
2 12 3
19 2 8
13 1 10
18 4 1
16 20 10
11 19 4
9 15 10
6 2 7
4 11 5
8 16 10
5 1 1
12 2 7
5 16 10
3 15 4
9 1 8
16 6 10
6 14 10
3 1 6
14 2 4
15 8 1
5 3 9
2 4 9
1 17 8
19 15 6
15 14 7
12 19 6
6 12 3
10 18 1
5 18 8
13 18 4
12 20 5
14 15 2
4 19 4
12 1 4
10 19 2
19 10 7
7 14 6
15 12 3
11 7 3
9 12 8
17 5 10
8 13 2
7 8 1
3 12 2
7 8 2
10 17 2
2 2 0
13 16 0
13 5 2
19 12 2
10 10 3
7 16 3
6 12 0
16 8 2
10 5 0
7 4 0
2 10 3
10 10 2
1 16 2
6 10 1
5 20 2
14 11 0
15 19 2
12 20 1
9 14 2
12 15 0
20 9 1
8 11 0
11 8 1
11 6 1
14 18 1
18 19 3
19 14 1
5 13 2
20 16 3
7 14 2
15 19 1
7 1 3
4 6 3
3 16 3
18 17 2
4 18 1
14 20 3
13 3 2
20 6 1
10 14 0
18 5 2
14 8 0
3 15 1
17 20 0
2 19 3
2 5 1
9 7 1
10 4 2
13 17 1
6 14 3
9 16 2
19 2 1
9 15 3
9 3 2
9 4 3
19 3 3
19 17 3
12 15 3
12 9 0
10 17 0
3 10 3
5 11 1
14 1 1
11 2 2
9 14 1
15 14 0
13 12 2
19 7 2
6 5 3
5 7 2
10 17 1
18 13 1
7 7 0
9 16 0
1 20 3
8 12 0
19 2 1
20 9 1
7 9 3
17 9 3
9 10 1
15 6 2
19 9 1
20 9 1
3 8 2
18 6 2
8 12 2
20 20 1
3 7 2
20 10 0
13 2 3
5 19 1
15 9 3
8 10 1
15 11 2
17 17 1
2 5 1
16 11 2
4 9 3
12 17 1
8 20 0
5 17 1
3 5 0
6 9 2
3 16 1
20 9 1
14 16 3
8 20 1
13 5 1
16 13 3
18 8 3
19 7 0
4 12 2
12 20 1
20 11 2
6 20 1
16 13 2
3 16 2
6 16 2
7 5 1
13 18 1
12 13 2
1 18 1
5 2 0
8 10 3
20 14 3
16 19 0
17 10 3
2 4 1
20 6 2
18 12 2
5 4 3
3 19 1
14 3 2
18 14 0
13 1 3
5 12 0
7 14 3
6 17 0
2 6 3
17 19 3
10 17 1
5 14 0
18 1 3
2 3 0
19 15 0
4 6 3
16 13 3
6 19 2
11 13 3
20 8 1
9 6 1
13 19 1
12 12 2
18 6 2
2 20 3
15 5 1
7 20 3
17 19 1
11 2 1
4 12 1
19 13 3
7 9 0
4 1 0
14 13 2
11 15 0
12 20 0
7 12 0
18 3 2
1 20 3
12 18 2
2 9 2
14 12 2
4 7 0
10 11 0
6 16 2
12 10 3
1 8 2
8 4 0
4 3 2
6 18 2
10 10 3
14 10 2
1 2 3
8 1 2
11 13 3
5 7 3
14 9 2
13 10 0
15 4 2
17 11 2
16 12 3
13 15 2
17 14 1
9 16 3
2 5 0
2 7 3
14 5 3
11 18 3
5 9 1
7 13 1
17 16 0
18 16 0
15 19 3
11 17 3
14 15 3
4 14 0
6 2 0
20 15 3
19 9 3
2 20 0
8 8 1
19 17 1
14 15 0
7 3 3
2 10 1
4 16 0
9 8 3
17 2 3
6 19 2
10 19 2
18 6 0
6 12 0
7 15 0
2 18 1
19 2 0
16 9 2
2 1 0
9 14 3
8 17 1
15 10 0
13 17 3
4 6 0
18 9 3
8 10 0
12 19 1
8 15 3
8 13 1
6 8 2
8 8 0
6 2 1
14 15 3
10 5 1
7 8 1
20 6 2
4 20 0
16 3 1
16 6 2
10 20 2
14 3 1
15 6 0
17 11 3
12 3 1
15 3 2
6 13 1
20 3 2
15 11 2
3 8 3
1 8 1
3 1 0
17 19 3
9 3 1
2 11 3
7 15 2
12 3 3
4 3 2
9 19 3
15 6 3
18 12 1
5 19 2
10 18 1
14 2 3
7 1 1
1 7 2
12 15 2
7 3 3
7 11 3
6 12 3
5 16 3
14 17 1
3 4 3
18 16 0
17 5 3
1 9 0
14 9 1
4 12 3
17 10 0
3 1 2
17 3 3
2 7 0
3 1 3
4 17 2
6 12 3
4 10 0
11 16 3
18 1 0
5 15 0
20 2 1
12 20 3
8 7 1
2 4 0
3 4 2
3 2 0
8 16 0
5 12 1
19 15 3
2 17 0
3 10 0
14 6 1
5 2 3
20 8 1
19 4 0
1 19 2
16 8 2
12 1 2
16 11 1
20 13 2
16 2 0
18 12 0
6 19 2
15 19 1
4 17 1
11 20 0
8 3 2
5 11 1
5 11 1
14 3 0
6 7 3
13 11 3
7 16 1
6 2 2
4 12 2
1 7 3
2 12 3
8 8 0
20 2 0
11 4 0
19 10 0
19 20 2
17 8 0
15 9 3
10 19 3
12 10 3
6 11 3
17 5 0
1 8 3
19 12 3
15 1 0
8 16 0
5 17 1
2 2 2
6 4 2
1 13 3
3 3 2
10 15 0
11 7 2
2 15 1
14 10 2
12 8 0
7 8 1
13 7 2
2 19 0
13 17 1
5 11 1
19 4 2
6 2 1
18 11 1
13 18 3
14 1 3
8 10 1
2 11 2
4 11 3
4 9 1
18 6 2
4 20 0
14 7 2
9 12 2
6 11 0
14 3 1
15 2 0
12 18 0
3 14 3
14 7 0
1 17 0
5 12 3
18 16 3
20 13 3
19 3 1
14 10 3
9 8 1
8 8 1
12 10 1
8 16 0
15 1 2
2 15 1
19 15 1
13 16 2
17 9 2
17 18 3
18 7 0
9 1 1
1 3 0
18 15 1
7 10 3
5 1 0
15 7 3
15 7 3
18 20 2
8 13 0
5 18 2
10 14 1
9 17 1
13 9 1
19 1 3
1 7 0
7 13 3
17 13 3
13 15 0
20 4 3
8 19 1
6 10 2
10 11 3
6 1 0
9 2 0
3 9 0
12 3 3
12 17 0
15 4 3
3 13 0
17 3 3
9 9 3
9 18 0
15 2 0
6 5 0
6 11 2
3 15 0
4 7 2
16 7 3
9 9 3
14 13 3
4 1 0
10 15 2
6 6 0
19 14 3
20 7 0
1 4 0
19 1 1
16 15 1
12 18 3
9 10 3
5 17 0
8 18 1
17 17 1
18 15 3
7 16 1
10 8 1
16 4 2
4 1 3
5 2 2
16 7 2
9 6 3
20 14 1
6 11 3
9 6 1
17 17 3
12 2 1
16 8 0
1 8 3
18 16 1
18 4 1
14 16 3
17 14 3
7 12 0
15 18 0
6 19 2
18 2 3
15 10 3
8 4 2
2 17 0
7 14 2
3 11 3
20 11 1
1 6 1
7 20 3
18 3 0
18 15 2
18 18 3
20 5 0
16 19 0
11 20 2
6 18 2
16 5 1
9 9 0
19 9 0
11 11 2
2 5 2
3 15 3
15 15 2
13 6 1
1 6 3
6 10 3
1 16 1
12 15 0
9 11 2
9 3 0
7 20 3
12 1 2
13 7 1
15 19 1
1 11 2
15 17 0
16 11 2
6 9 2
6 17 2
16 15 2
9 5 2
13 16 0
15 10 1
12 6 2
4 9 0
4 19 1
19 5 0
10 11 2
1 18 1
11 5 1
15 4 0
1 14 1
4 13 2
8 4 0
5 20 2
4 19 1
17 1 2
5 18 0
1 2 1
6 2 0
1 2 2
14 13 3
5 16 0
12 4 2
14 1 1
8 15 2
20 7 0
1 5 3
4 11 3
15 7 1
1 3 3
16 16 0
18 2 0
11 19 1
18 17 3
1 3 0
6 2 0
7 20 2
11 8 2
5 1 3
19 17 1
3 8 1
3 14 3
4 20 3
6 19 3
2 6 0
16 1 0
8 13 2
18 8 0
2 4 1
1 10 3
11 4 1
17 19 3
18 12 1
20 18 3
18 17 2
4 18 0
19 16 2
3 18 1
8 6 3
5 18 2
3 10 0
10 20 1
17 9 1
18 17 2
5 15 2
13 15 1
13 10 1
17 19 3
17 2 1
10 6 0
2 15 3
4 8 1
14 10 2
3 9 0
14 14 1
6 14 2
19 10 2
17 20 0
14 18 1
11 18 0
2 8 1
12 5 3
13 14 3
2 15 1
2 1 2
18 11 2
14 18 1
3 8 1
11 18 3
13 7 1
1 5 2
7 8 0
2 15 1
17 19 0
14 20 1
19 8 1
6 7 1
10 6 2
12 4 3
1 8 2
1 11 0
16 13 1
11 7 0
15 8 1
15 10 2
2 17 2
14 12 0
11 6 3
20 17 2
14 9 2
18 6 2
7 14 1
1 4 1
19 16 0
3 8 3
2 17 1
14 11 0
16 2 2
11 6 0
2 8 3
14 2 1
17 10 3
2 8 1
5 5 0
3 4 2
11 6 0
18 19 0
4 5 2
2 13 3
18 14 1
15 3 1
2 19 0
9 5 2
8 16 1
5 13 2
15 15 2
19 6 1
12 11 2
14 17 2
6 11 0
13 17 1
7 16 1
17 17 1
2 17 3
17 18 1
15 10 3
19 7 2
8 19 1
10 4 3
17 4 2
2 19 0
18 18 1
19 13 1
8 9 2
3 20 2
18 5 2
9 6 2
9 17 3
3 13 3
17 14 0
12 11 0
19 8 1
10 5 2
2 5 2
4 19 3
2 3 0
4 8 2
9 8 0
12 7 3
1 18 3
9 19 2
19 11 0
10 18 1
20 14 1
7 11 0
12 5 0
9 20 3
17 11 1
20 14 1
7 3 3
14 16 1
19 2 3
9 16 1
7 6 3
18 5 3
18 3 3
16 3 0
7 14 3
19 14 2
20 10 2
16 16 3
14 14 2
7 4 2
13 15 2
3 10 1
14 13 1
8 7 0
1 15 3
1 14 0
12 2 3
20 16 3
5 11 2
11 17 3
19 4 1
9 4 0
15 10 2
2 5 2
20 12 3
9 17 1
12 4 0
19 13 2
16 20 0
6 4 3
4 8 2
11 17 2
9 3 3
13 14 1
4 7 2
12 12 0
13 1 1
4 15 0
12 9 0
11 10 2
18 13 1
4 1 2
3 20 3
7 13 3
4 12 3
17 11 1
8 16 1
16 18 1
20 3 0
10 10 3
10 7 2
19 11 1
20 10 3
7 16 3
12 8 1
13 16 2
4 14 1
8 17 1
13 11 1
15 15 0
4 17 3
16 13 3
3 2 3
9 6 3
9 1 1
17 13 0
10 17 1
20 1 1
7 11 0
15 17 1
18 17 0
14 13 1
2 14 2
16 16 3
19 16 0
19 12 3
15 4 0
19 19 2
5 4 0
3 10 0
18 10 3
11 12 1
5 7 1
14 6 1
5 12 3
2 6 3
7 11 2
20 2 0
8 12 3
5 7 2
7 8 1
17 4 3
9 11 2
17 20 2
15 7 1
3 19 1
3 8 3
11 4 3
4 18 3
3 19 3
8 15 1
14 5 1
8 16 1
15 19 1
7 15 1
1 11 1
17 4 2
2 15 3
4 13 3
9 4 2
8 1 0
15 13 3
5 19 3
9 12 3
7 19 2
7 2 0
7 19 0
7 7 2
15 18 3
3 10 1
7 4 1
6 4 3
1 5 1
16 4 0
1 1 1
5 18 2
20 10 3
18 8 0
7 15 2
3 5 0
10 10 1
15 16 3
14 11 2
15 19 1
1 10 2
20 13 3
2 20 3
1 3 2
11 10 2
13 13 2
14 6 1
19 8 1
16 20 3
11 7 0
14 1 3
5 17 3
19 19 0
13 8 0
7 6 3
7 20 1
13 8 3
17 10 2
14 3 1
12 9 0
13 12 1
16 4 2
11 14 3
12 14 1
8 14 1
19 5 1
2 14 2
5 10 0
4 7 2
13 13 1
9 13 3
7 16 3
11 20 3
5 15 0
5 15 0
9 10 1
17 12 1
2 9 2
5 14 2
8 10 1
3 12 1
2 18 3
13 4 1
2 1 3
5 9 0
17 1 1
4 6 0
11 14 3
7 14 2
8 4 0
5 8 0
19 8 0
18 3 2
4 2 3
7 13 2
8 1 2
6 15 2
4 14 3
19 3 0
11 18 0
4 15 1
6 6 2
5 3 3
10 19 2
8 20 0
3 11 0
18 15 3
18 6 3
12 17 1
9 16 2
1 1 3
8 11 1
11 5 0
16 20 1
13 20 2
4 16 3
14 1 2
9 20 3
12 9 2
17 2 0
17 20 1
19 8 3
12 6 2
5 14 2
5 5 0
15 3 0
11 9 3
15 16 3
19 19 0
13 10 0
13 8 3
1 6 2
10 15 2
2 20 3
15 6 3
15 2 0
1 5 0
16 15 0
4 15 1
8 14 0
2 3 0
5 13 3
20 3 3
5 20 2
12 19 2
15 2 0
12 16 3
13 6 3
10 19 3
16 8 1
6 11 2
7 7 2
2 16 1
5 10 0
11 1 3
2 8 3
2 9 3
2 14 0
8 19 0
9 12 2
2 11 2
16 19 0
20 14 1
6 14 0
7 4 0
8 20 2
5 4 2
19 15 2
9 3 2
7 17 3
5 15 3
20 12 3
13 18 0
6 5 0
2 7 1
4 2 1
10 18 3
18 10 3
11 16 0
8 4 2
12 13 0
15 20 0
19 20 1
20 1 0
4 2 0
18 4 1
7 13 3
6 13 0
16 18 1
7 18 2
4 3 0
14 15 1
13 16 0
14 13 2
4 2 2
8 9 1
16 12 2
20 2 3
3 13 2
18 8 2
6 14 0
8 18 1
18 3 1
