100 500 2 1000
16 27 21970
52 46 53611
41 73 29126
40 30 32473
6 5 20343
97 55 84926
74 83 96430
77 56 66656
2 40 56516
32 95 10055
85 13 66067
89 98 43712
46 85 8077
77 19 75531
82 14 99705
67 75 73357
22 17 68608
53 52 72845
20 67 55788
81 44 19794
98 58 81630
97 3 33096
39 56 28342
69 100 86608
25 90 27391
30 27 64682
86 49 50854
96 5 52070
67 15 20094
53 49 82762
90 21 89267
8 73 71853
29 76 91015
23 18 13696
75 4 65207
55 24 66927
73 98 97653
96 21 43397
10 52 89421
38 74 87137
50 51 85697
67 34 45798
98 23 21053
47 24 7023
78 81 3822
94 66 59816
34 78 12250
96 79 10015
17 91 10845
29 97 62197
36 75 26263
47 90 15506
74 81 32699
64 23 84964
92 11 23802
55 96 6133
47 69 60597
13 70 83114
54 93 21834
86 68 64814
82 84 98486
87 51 97693
50 46 30154
15 7 78765
73 66 69553
71 63 50950
89 15 34205
47 86 57003
13 92 76808
77 34 47340
98 59 67156
37 83 1427
8 45 15342
6 73 45237
49 73 94857
88 53 68018
87 76 94586
72 84 31263
78 43 60178
58 45 50877
45 23 30305
89 92 87072
56 82 32758
19 1 91457
48 33 96414
7 37 39989
70 7 61779
63 51 48928
45 4 18571
43 4 50625
12 18 30149
7 75 17497
53 27 85345
8 91 23254
9 74 54647
9 15 64516
87 95 49317
2 15 47313
26 48 56372
35 17 150
52 60 46342
52 63 6504
29 49 54312
73 36 80172
78 27 11513
38 20 30093
2 86 73267
35 87 24581
93 24 93586
48 8 74347
71 53 44107
44 62 29399
86 28 44617
74 72 6328
44 84 97729
71 75 44491
61 65 96312
26 72 30426
75 60 25681
54 58 26146
66 27 31614
42 12 32377
9 53 72224
97 96 96312
89 42 50973
1 95 60835
6 98 78770
55 95 98801
21 87 12811
38 14 13805
50 53 35703
75 41 28991
41 42 21590
20 45 93090
55 79 58498
60 36 60839
31 44 96133
91 71 56993
96 1 10665
46 31 21335
44 18 28250
22 4 59421
55 75 83151
34 63 10792
36 93 33651
37 66 67721
23 62 26829
18 22 76970
97 9 50906
87 37 34520
16 22 16675
29 48 29363
88 96 67176
25 1 45420
75 48 41808
17 62 86955
47 84 54311
74 18 26430
30 15 69397
74 30 56874
77 42 96963
16 53 30831
28 84 59909
78 91 77687
78 15 21530
98 2 91540
37 48 71524
13 50 59663
5 32 80272
22 41 66322
67 79 39653
76 15 41245
70 64 52508
35 21 96446
49 23 53454
77 86 2613
82 31 44042
52 5 17003
39 73 19159
54 4 6374
84 59 83896
58 88 67715
65 2 55679
50 90 92401
17 38 66195
86 18 83764
46 65 14623
22 35 25606
27 93 96369
55 97 42885
2 16 7123
31 53 72384
29 39 75953
47 83 29596
87 27 58109
9 94 16638
76 79 39132
28 23 50075
1 55 9839
62 43 74803
24 91 94953
53 90 83527
5 66 21922
43 10 90272
80 2 82570
67 16 14083
69 92 72070
76 9 37417
50 41 98335
5 93 85391
20 88 47369
32 2 31626
4 27 76965
97 88 79651
57 53 51140
26 90 69003
86 58 64888
93 81 32023
98 42 82645
54 55 1946
67 97 37019
49 58 6779
58 21 36446
22 50 30967
67 95 10228
10 98 29273
19 83 91498
5 80 77911
86 26 15592
5 17 52214
94 76 53363
18 31 24662
74 26 10635
63 64 4143
60 22 94763
26 47 71720
29 56 50652
5 68 67636
75 1 95066
15 60 79864
28 91 48841
56 79 77558
73 41 21955
52 55 82165
60 5 95973
53 73 8723
65 14 80533
51 75 62770
42 54 8880
62 70 17684
11 2 60941
45 60 55417
20 78 61771
23 16 30104
81 63 90478
57 58 40894
97 75 92394
22 39 51704
15 45 70800
86 30 52079
19 81 914
51 29 73936
58 78 54880
61 1 95673
8 42 8548
94 15 67984
93 35 52902
43 17 29191
42 61 58980
52 49 39607
9 97 60444
41 77 60920
85 60 69702
33 87 3174
27 71 21451
67 84 79280
17 78 50088
50 61 40583
94 11 194
79 82 21804
86 38 12496
89 14 25345
32 81 51489
16 29 18046
45 28 45228
65 10 69448
35 73 84185
69 8 26441
74 11 90293
62 97 37743
16 71 71160
85 28 9469
42 47 5086
87 86 44052
18 49 47258
63 80 90273
92 57 46475
58 17 96931
92 69 65514
7 38 73693
5 38 83624
15 55 46313
92 96 62575
14 51 7339
4 8 8710
45 5 8704
7 62 7805
69 76 99560
42 38 87423
13 24 90178
15 11 67715
76 26 37396
72 44 84169
57 5 86669
53 79 74379
92 23 75870
94 80 54337
66 55 15584
51 26 74044
51 70 77562
46 94 2190
6 58 7722
13 58 15187
33 1 13978
29 54 89876
1 11 23360
19 41 91647
65 27 79844
81 39 29322
94 89 95710
53 9 78437
14 31 95908
90 59 20479
37 42 50504
27 80 68790
15 79 82394
11 19 20436
78 11 87777
68 3 13502
12 4 57699
33 71 9937
46 72 62699
97 92 72306
42 39 93750
87 33 23717
17 83 96206
100 29 62875
50 12 20257
27 18 12688
75 31 25082
26 54 46318
65 47 18469
37 84 58153
25 83 36425
11 71 90299
11 36 90337
9 81 90716
57 55 66496
26 43 60969
19 10 81556
84 76 69771
37 77 26430
91 79 88242
68 48 17530
3 97 49799
81 4 88483
67 19 19737
70 76 37796
79 35 27358
36 97 49925
70 39 83025
14 8 78495
18 75 68196
28 8 91729
88 19 73431
92 79 91451
45 59 57427
26 80 69001
82 66 59252
20 16 28452
13 68 52745
28 14 79458
64 25 31419
28 73 68821
40 37 42159
84 5 42211
93 58 91702
61 19 79955
99 88 8427
61 88 49247
20 13 92368
28 40 73953
48 16 20078
71 56 81082
67 49 13105
91 21 35111
87 23 1697
95 86 27916
72 38 28903
26 9 97448
71 89 79096
44 47 14666
84 71 38369
62 40 84984
99 5 61806
20 100 78881
68 54 64138
89 68 57555
37 95 9024
50 39 41408
70 66 49586
24 19 63002
58 42 60991
89 35 73059
43 73 35255
9 45 6285
31 68 78467
6 53 23727
7 80 74517
39 50 4607
30 4 58609
41 12 33933
78 70 42442
90 88 88316
50 93 64484
65 36 52268
28 9 70779
14 46 4685
71 4 49474
97 90 48479
42 92 43491
29 68 18497
47 55 18018
55 90 29028
27 25 20075
8 93 26760
16 62 28730
23 5 81677
81 40 41748
1 38 57487
82 51 44351
57 6 19470
69 86 89043
50 99 5730
66 32 20523
21 97 43302
22 52 56964
17 27 34366
39 98 88828
99 67 26051
3 80 96445
22 68 61440
78 14 8256
68 90 74949
83 94 869
76 92 22286
58 59 63732
20 39 39045
46 22 53156
80 63 74054
9 29 41585
12 91 36929
30 23 67368
85 43 62626
22 55 69700
36 28 47874
24 75 49241
19 93 15788
64 48 7466
94 81 91129
75 92 94255
78 10 86737
67 73 97768
56 68 86413
16 82 36430
60 32 83857
24 73 53712
35 50 15981
32 9 98000
68 80 81957
43 22 48138
83 63 84199
13 77 49992
34 41 96442
36 19 62320
100 12 95998
41 94 91262
93 46 60269
53 68 21591
19 29 21604
41 35 2991
88 29 69263
13 52 91749
60 56 43213
90 89 16799
55 99 3669
39 70 64937
68 2 13094
44 89 6812
33 28 90096
58 14 1
67 61 1
26 44 0
78 83 0
34 8 0
49 79 0
11 89 2
94 51 0
32 30 0
90 30 0
4 23 1
83 2 2
12 27 2
20 89 0
28 91 0
87 29 2
61 46 2
59 31 1
8 84 0
94 65 0
26 41 0
36 43 1
57 19 0
41 80 0
10 82 0
41 24 0
10 75 2
13 97 0
70 80 2
52 87 0
35 9 2
23 87 1
42 64 1
42 77 2
19 16 0
81 87 0
9 17 0
27 3 2
36 93 1
68 99 2
52 18 2
66 90 0
18 17 1
20 76 1
25 5 1
74 11 0
89 65 1
46 89 1
49 16 1
99 7 2
17 45 0
80 35 0
17 66 1
57 82 0
95 80 0
64 57 2
15 95 2
69 41 2
41 64 2
17 58 2
84 56 1
22 38 1
58 1 1
73 41 0
28 44 1
30 54 1
39 82 0
92 46 2
14 80 2
60 78 2
35 69 2
12 20 2
88 48 0
27 74 1
46 33 2
93 100 2
70 88 0
20 46 1
30 70 2
45 12 2
96 30 2
41 11 0
30 45 2
100 63 1
82 59 2
84 1 1
26 32 0
60 76 2
38 36 1
45 77 1
2 28 2
1 73 2
62 68 2
95 62 0
65 66 1
26 42 1
47 8 2
32 94 2
17 58 2
9 26 0
74 50 2
60 16 2
46 52 2
76 62 0
26 36 0
15 42 2
29 84 1
73 50 1
33 83 0
39 54 0
90 13 1
69 62 2
51 27 2
51 12 0
12 36 1
24 41 0
28 99 0
2 74 2
27 85 1
49 78 2
26 63 2
7 60 2
93 74 1
5 37 1
15 9 2
23 100 1
85 4 0
89 76 2
65 39 0
50 91 0
10 44 0
74 51 2
97 4 0
66 83 2
68 47 1
95 69 1
64 26 2
93 15 1
63 72 2
41 20 2
40 17 2
87 90 0
63 22 1
55 69 1
82 43 2
37 31 2
83 15 2
59 90 0
91 30 1
28 3 0
96 96 1
31 79 0
56 30 0
56 91 0
97 67 2
33 21 2
36 79 2
99 98 2
2 41 0
87 13 0
37 73 1
8 75 0
52 24 2
2 62 0
12 92 0
1 50 1
40 35 2
61 41 2
9 43 2
10 48 2
7 42 1
31 70 2
6 23 2
31 45 0
10 68 2
68 56 2
77 66 0
96 9 1
29 28 0
68 45 1
17 92 1
13 4 1
59 100 2
11 70 0
96 17 1
48 20 2
7 89 2
27 28 1
16 6 2
30 84 0
90 47 1
73 62 2
82 4 1
93 98 2
46 13 2
33 92 0
76 65 2
91 35 1
37 83 0
49 44 0
92 77 2
99 40 1
88 72 0
64 24 2
22 8 0
29 37 1
8 33 2
16 66 0
10 86 0
96 3 2
89 58 2
3 24 2
89 21 2
48 89 1
63 14 0
9 11 0
18 37 2
1 15 1
76 6 0
22 24 2
70 80 0
95 21 2
15 52 1
78 41 0
66 40 2
17 76 2
38 42 2
94 39 0
82 4 2
100 7 2
92 38 0
22 1 1
49 47 0
5 75 0
49 37 2
4 90 2
6 63 1
80 77 0
63 2 2
75 72 0
8 2 0
50 83 0
88 5 2
67 64 2
46 56 0
84 64 1
7 66 0
52 42 2
66 80 1
73 66 2
13 81 1
87 80 1
12 43 1
89 53 0
40 68 0
58 6 2
45 36 0
66 43 1
97 28 1
72 42 2
35 31 0
1 56 0
45 41 0
3 2 1
27 37 1
67 74 0
84 100 2
63 2 0
39 79 0
67 100 0
58 87 0
43 29 0
27 38 2
48 43 0
83 52 0
61 58 0
86 69 1
11 1 1
100 73 1
14 27 1
13 68 1
54 93 0
2 65 2
60 97 1
64 53 0
26 48 0
93 16 1
100 6 2
32 84 1
80 45 0
72 24 2
66 48 2
8 39 2
30 63 0
70 60 1
6 76 0
36 81 2
44 96 1
79 91 0
88 91 1
65 22 2
78 42 1
31 61 1
56 17 0
75 28 1
17 4 0
90 40 2
81 6 0
62 42 1
9 25 2
3 36 1
10 69 2
54 70 2
58 49 0
83 33 0
40 92 2
55 90 0
92 44 0
21 69 2
54 85 0
24 8 2
67 21 2
53 85 2
44 64 1
79 42 0
4 22 2
80 48 2
38 32 2
76 47 0
19 23 2
48 75 1
52 64 1
94 24 0
64 50 1
29 64 2
86 95 2
19 2 2
68 49 2
21 1 1
20 62 0
2 78 2
53 73 1
25 4 0
42 54 2
46 39 0
69 25 1
83 72 1
62 23 0
17 9 0
93 47 2
51 6 1
56 77 2
16 72 2
76 81 1
68 74 2
70 33 2
87 14 2
49 6 1
34 80 2
99 91 1
18 7 0
34 23 1
4 19 2
16 79 1
65 62 1
9 7 1
14 15 2
75 17 1
43 67 0
41 1 0
54 51 1
55 63 0
89 25 1
65 97 2
21 13 1
33 19 2
81 5 0
24 23 1
1 47 2
21 29 2
51 54 1
71 52 0
96 83 2
40 36 2
14 76 0
35 30 1
31 19 1
78 36 0
52 24 0
80 98 1
25 12 0
33 46 1
100 5 1
28 76 0
91 41 0
16 72 1
66 21 2
24 67 1
3 63 0
76 32 2
46 13 2
51 4 1
25 83 1
92 32 1
11 38 0
81 5 2
21 47 2
34 56 2
83 31 0
3 71 1
89 9 1
85 74 1
56 67 0
6 89 2
90 31 0
90 49 0
24 10 2
76 5 2
96 65 1
2 18 1
36 95 2
15 4 0
56 94 2
90 87 2
71 18 2
75 50 2
91 27 1
27 78 1
34 76 0
84 67 2
17 72 0
85 47 2
34 20 2
87 2 0
39 100 2
71 57 1
72 71 1
74 53 1
87 48 0
99 91 1
99 27 0
33 14 0
15 2 1
90 44 2
83 49 1
59 73 2
22 2 1
51 48 0
66 17 0
97 18 2
97 42 0
59 77 1
37 69 2
66 91 2
94 30 1
3 9 1
49 91 0
100 40 1
22 9 0
54 27 0
25 3 2
23 73 1
48 96 0
86 94 1
50 70 1
66 69 2
99 76 0
24 73 1
26 92 2
52 50 2
42 68 1
98 28 0
51 34 0
55 80 2
80 26 2
79 82 0
28 34 1
72 98 0
85 31 2
14 36 1
98 27 1
95 58 1
66 96 2
65 80 1
73 66 0
15 10 0
21 12 2
35 17 1
64 24 2
85 7 1
19 45 0
51 36 1
46 62 0
12 46 0
22 44 1
83 80 0
86 75 2
14 58 0
23 58 2
40 85 2
2 41 0
5 31 1
25 45 2
41 39 0
28 52 2
63 96 0
89 7 1
21 9 2
11 95 0
31 38 1
15 78 2
75 27 2
94 18 0
14 96 1
11 30 2
37 69 2
21 53 2
100 97 2
12 72 0
27 71 2
25 55 1
75 89 0
95 59 1
51 18 2
51 61 0
50 7 2
84 96 2
87 68 0
71 36 1
82 17 2
17 37 1
21 32 2
52 4 1
40 87 1
38 46 1
9 56 2
99 14 1
87 57 1
40 59 0
6 64 0
71 79 1
45 97 2
97 5 0
2 70 2
40 21 0
58 20 1
83 29 1
31 30 0
56 66 0
23 37 0
35 93 1
23 86 0
66 75 2
45 5 0
85 63 1
35 10 1
51 22 2
80 49 0
15 76 1
9 59 2
8 50 0
70 6 1
66 14 1
73 65 0
31 32 2
42 7 1
63 37 0
24 99 0
70 41 2
53 66 2
29 97 0
16 39 2
2 6 1
84 84 2
89 8 0
99 25 0
4 72 0
50 70 1
28 62 2
10 49 1
84 27 0
22 7 0
66 33 0
97 1 0
73 49 2
6 82 2
56 38 1
90 98 2
27 53 0
21 95 0
81 52 1
86 68 1
60 4 1
9 40 0
86 48 1
37 21 0
75 37 1
28 3 1
19 89 2
87 71 2
18 40 2
96 92 2
70 16 0
56 39 1
22 13 1
92 6 2
23 21 1
35 49 2
67 98 2
3 41 1
80 31 0
38 13 1
41 22 2
26 30 2
33 36 1
79 53 2
84 78 2
3 3 0
89 45 2
68 52 0
82 6 1
63 81 0
24 74 1
24 55 1
96 54 1
54 4 1
90 50 0
97 39 2
6 91 0
65 26 2
38 80 2
66 6 2
6 10 2
48 17 0
27 58 0
73 86 2
43 51 0
75 99 2
53 56 2
12 52 0
70 64 0
35 72 2
74 38 2
61 12 0
5 95 1
7 66 0
11 6 0
64 62 1
73 24 0
57 85 2
8 36 2
48 19 2
1 92 0
92 3 1
82 21 0
99 81 2
46 94 0
35 29 0
51 29 0
74 76 2
99 56 2
85 2 1
27 23 0
15 82 1
71 10 2
40 74 0
39 68 0
27 30 2
82 11 0
54 40 1
46 15 0
72 9 2
93 77 2
22 51 1
78 3 1
31 58 1
93 83 0
99 91 0
78 97 2
65 62 0
40 82 0
50 99 2
73 56 1
33 70 0
62 36 2
16 49 1
60 68 0
11 40 0
67 1 1
85 100 2
39 73 1
24 52 1
71 68 2
13 9 0
32 4 1
45 89 1
33 36 0
89 84 1
84 7 0
64 59 0
56 38 0
10 24 0
56 23 2
60 45 0
7 35 2
40 60 0
62 23 0
78 77 1
76 72 2
63 68 1
90 45 1
7 21 0
7 3 0
44 43 1
37 82 0
26 86 2
30 47 1
25 5 1
33 33 1
64 18 0
32 59 1
40 17 0
33 76 2
63 51 1
15 83 0
40 61 2
54 70 0
73 92 0
50 16 0
10 42 1
98 10 2
93 73 0
90 10 1
8 48 1
23 76 0
69 36 2
8 71 0
60 10 2
98 74 1
48 3 2
5 46 2
38 78 1
1 31 2
38 25 0
3 42 0
56 20 2
20 61 0
94 51 0
40 6 0
44 82 2
78 47 0
66 4 0
61 57 0
76 31 2
66 49 2
88 74 1
71 1 0
20 20 1
77 90 2
47 92 2
26 53 0
9 43 1
21 62 0
75 61 0
98 75 1
51 47 0
82 22 1
69 54 1
41 99 1
9 51 1
78 36 1
50 86 2
14 66 0
74 40 1
7 93 0
5 18 0
69 16 2
78 25 0
35 96 1
37 19 2
68 82 0
53 70 1
100 7 2
80 18 0
10 54 0
32 89 1
31 53 0
16 45 2
13 41 0
34 8 1
37 47 2
9 24 1
31 51 1
95 16 0
86 93 2
59 62 1
47 18 2
11 45 0
45 31 0
71 46 0
28 6 1
59 61 0
8 52 2
90 27 0
24 25 0
9 97 0
40 54 0
85 5 2
23 29 2
18 24 2
72 100 1
79 57 2
81 97 2
52 69 2
100 90 1
60 1 0
18 51 2
100 40 0
46 81 0
82 53 1
32 31 1
8 35 0
43 32 1
26 88 1
27 45 2
32 71 1
82 47 0
33 75 1
14 5 1
8 100 0
6 88 2
72 53 0
74 63 0
30 26 0
89 40 2
42 35 1
86 35 0
28 79 1
22 80 1
31 77 0
75 20 2
80 89 2
54 96 1
55 98 2
43 59 2
12 84 0
36 14 1
33 85 0
26 72 1
45 69 2
5 11 1
38 27 0
97 41 1
48 68 2
28 99 1
23 95 2
19 89 1
45 70 1
8 28 0
54 10 0
47 12 1
33 72 1
37 78 1
96 68 0
43 73 1
48 89 1
75 87 0
24 43 2
26 63 2
64 53 1
21 84 1
87 35 1
86 29 1
58 83 2
3 15 0
5 39 2
88 83 0
2 17 0
51 16 0
62 89 2
22 41 0
15 57 1
68 100 2
98 50 2
86 15 2
60 82 2
78 51 0
4 41 0
85 50 0
41 64 0
75 25 2
5 60 1
72 49 1
71 24 2
37 84 1
83 39 2
80 22 1
98 84 0
35 53 2
32 23 2
83 63 1
25 10 2
20 85 1
40 56 1
91 53 0
19 9 2
25 9 2
39 4 1
98 82 0
24 32 1
72 12 2
88 19 2
62 48 0
3 77 2
68 15 1
36 57 2
18 41 2
86 99 1
4 96 0
80 20 1
20 58 0
74 62 1
72 40 0
20 21 0
79 68 2
32 48 2
18 74 1
64 100 2
39 57 1
75 64 2
9 37 2
19 39 0
65 14 0
19 73 0
9 97 1
27 25 2
76 38 2
41 14 1
76 48 2
47 59 1
47 56 2
8 83 2
12 8 1
70 14 1
1 29 0
87 5 1
58 47 0
34 14 1
70 37 2
18 94 2
62 75 2
61 72 0
74 28 2
71 30 2
9 68 1
20 71 0
6 18 1
100 61 2
84 90 0
93 22 1
98 23 2
43 50 2
56 30 0
9 88 0
15 41 1
48 52 0
48 21 0
24 75 2
48 44 1
85 57 1
35 89 0
44 42 1
9 29 1
29 4 1
60 49 1
71 95 0
86 75 2
5 4 1
100 28 0
8 33 2
16 1 1
61 26 1
8 45 0
79 23 1
7 94 0
90 39 0
72 89 2
67 53 0
51 30 2
80 64 2
91 13 1
92 85 2
98 14 1
37 69 1
75 94 1
78 89 0
63 99 2
24 44 1
30 66 0
91 66 1
