100 1000 10 10000
34 8 486736
65 91 811354
9 71 594245
80 63 205329
80 11 10409
44 38 715137
43 7 626829
18 78 72525
94 51 611753
49 72 674034
92 46 223654
1 6 213997
27 84 543253
54 74 896747
98 7 247520
79 15 178670
82 47 196759
49 59 439752
68 59 14845
43 26 106668
71 34 836825
10 95 417827
47 1 135826
77 14 142850
66 74 514973
59 65 243766
60 2 609905
89 76 607487
72 51 885531
27 46 791508
52 83 516266
86 96 777704
50 82 992480
75 97 167018
20 15 68935
33 35 520388
14 22 314181
85 40 817864
38 42 542266
25 29 765142
17 87 463896
91 61 78598
34 71 663014
54 11 680049
98 55 682710
69 60 896773
78 14 411450
43 63 998466
31 91 286856
74 49 830097
51 88 386751
78 71 190910
74 65 596486
29 83 503804
18 71 274192
66 26 960979
47 68 827441
14 28 398905
48 81 413342
65 90 91778
99 10 463671
49 39 926913
7 35 516845
28 90 502428
80 15 542136
27 98 452441
48 1 695981
53 24 467270
44 18 962235
79 28 834884
79 45 164776
96 28 830364
86 1 547460
73 92 919013
2 82 352560
5 33 427479
3 93 547112
43 64 523225
5 35 217336
26 42 34182
89 66 455834
86 26 157024
39 16 305454
15 45 525962
21 5 408082
80 42 458818
15 77 542402
5 14 902145
77 32 650605
33 8 700697
88 42 939888
76 21 721185
55 25 40007
39 67 158172
88 15 883556
64 56 125175
49 23 525977
19 86 299039
40 25 377377
54 37 146372
77 11 338192
38 4 861524
35 82 83646
100 34 666844
7 53 936381
78 45 598902
7 55 176445
95 60 934244
96 61 837144
25 91 601688
64 97 843811
52 70 143378
69 66 512931
52 37 905581
87 68 144112
83 87 52276
30 31 443029
86 80 143431
22 97 440725
14 56 641049
17 61 422185
22 26 571190
32 71 778650
29 81 141087
95 42 94238
84 94 986034
58 7 371609
66 99 246261
3 38 489662
32 47 911867
13 86 851493
83 2 337150
21 24 264041
7 41 299622
25 42 855107
45 41 525450
63 12 256228
67 56 214680
33 26 391701
75 86 155431
70 76 889812
31 72 47076
64 22 518236
4 85 352666
57 3 958150
50 75 74486
30 55 916548
21 95 899328
10 90 181409
34 61 94338
66 47 727683
82 98 990858
34 52 613373
78 76 653996
51 72 36560
55 98 120196
75 78 225253
35 30 290512
82 37 903811
25 78 401154
72 90 283056
46 43 737816
100 12 650026
66 42 827187
40 72 192664
40 38 18971
70 42 673780
85 20 367875
81 98 966769
95 94 871214
43 67 307184
87 54 77370
65 61 506773
97 84 871332
53 20 718449
63 15 963502
34 84 502112
98 60 439634
31 88 186379
46 81 678779
64 96 802996
88 82 841861
88 62 497758
73 42 356127
71 11 312052
85 33 71788
69 85 39810
25 54 938584
46 6 247147
2 68 153198
90 40 753484
76 79 787051
27 16 800672
93 46 224609
69 5 293966
28 21 805710
40 80 820874
29 91 598310
75 85 967168
54 51 321469
9 99 995361
58 26 475895
23 29 455777
9 77 585392
32 96 995725
96 79 527139
33 41 620890
57 40 61360
80 74 399507
68 51 416570
59 11 544458
70 12 978120
91 5 30311
59 27 120703
95 90 794428
54 65 413857
41 46 621569
47 30 5657
99 52 689961
82 8 150629
9 5 853959
20 5 518636
71 59 888530
86 27 294724
83 8 755394
72 66 850185
36 82 751072
59 58 255866
68 70 558597
3 89 943603
49 63 652526
71 40 531733
80 83 565785
12 42 848666
69 52 86638
50 88 587836
24 41 258369
29 44 429239
53 78 938923
15 54 988737
77 72 658364
6 77 356700
36 51 949351
80 46 96834
50 30 11722
62 13 22382
42 32 480352
43 16 948387
55 3 339866
61 70 888758
14 55 818693
12 60 418825
99 85 486311
89 62 599824
95 21 545127
63 37 335467
40 81 601537
86 60 112960
61 41 248259
18 10 588064
91 24 175517
21 8 599240
38 58 581932
62 34 419025
16 90 820846
31 3 737336
13 97 6421
91 100 102487
85 27 788996
84 64 846822
67 76 358915
23 10 530274
68 23 557772
20 28 335271
62 70 86750
100 50 621375
70 24 966077
3 71 267761
15 32 754653
41 96 176558
82 79 846242
45 73 673483
6 90 382278
53 82 191065
46 69 505525
95 1 689016
24 76 26090
89 72 568255
23 7 969011
50 27 865364
66 83 663302
24 88 394911
60 100 530444
63 46 815059
73 83 138083
61 7 164573
64 2 392659
61 12 889015
82 67 182478
11 72 887079
6 56 458161
86 78 435199
71 31 296211
31 40 883402
5 63 719802
100 26 885852
86 12 1395
8 54 133257
18 40 219415
28 84 851698
73 40 120993
72 13 571702
4 81 87668
75 82 430356
14 93 74299
82 72 739286
44 96 443393
57 50 344607
80 31 172870
16 12 313057
26 20 227733
74 5 120631
12 1 382600
34 32 654786
35 8 218897
51 32 758643
65 38 927600
53 81 705409
34 31 844852
15 51 992217
7 70 498136
66 5 196290
100 63 779577
75 25 383846
15 8 152546
34 68 562448
6 78 120183
79 8 858635
93 21 634820
12 55 930209
92 83 975627
89 10 405480
74 9 631432
12 92 155402
51 37 689671
35 24 648738
77 42 988635
96 21 972347
44 14 435717
88 26 76949
45 64 132443
3 80 767811
30 44 944142
19 20 893722
99 57 871166
97 49 175961
62 88 814549
6 86 809771
83 89 944187
40 73 998924
45 97 973345
19 61 966191
90 85 116882
68 29 608707
80 5 712354
18 77 644483
24 2 744740
69 91 956257
85 60 821558
34 77 4502
45 77 173191
52 4 811227
7 97 150513
10 48 432016
71 51 392966
28 24 302117
6 95 647248
65 44 105450
37 6 928058
93 10 834645
48 16 718633
99 5 761490
72 49 36992
77 83 921509
67 6 374998
87 92 802653
18 58 975384
3 61 494362
14 80 528058
76 87 540657
86 41 738662
39 65 484108
64 87 734473
35 85 554332
14 3 47746
75 53 249434
27 18 625115
68 37 276727
90 74 704688
13 35 281591
55 69 364572
69 20 402227
61 80 846248
28 15 613461
84 51 119822
32 25 607184
40 31 319976
98 14 824716
20 42 824299
69 14 261639
25 75 386324
8 27 923374
1 74 809427
94 28 664585
19 21 607789
42 86 175056
48 37 87311
58 81 726031
78 30 238823
52 96 298456
68 33 593008
45 19 902822
49 14 295619
54 24 574679
87 56 21866
68 54 240073
22 43 502607
78 56 821972
10 39 664055
73 30 234150
74 67 862372
99 64 731936
9 86 799010
67 5 903180
83 23 680641
25 86 519605
19 46 227345
20 17 985309
94 29 368428
60 51 15580
1 65 665211
50 86 98428
3 52 691683
11 29 651095
34 7 657794
91 43 972143
5 7 69970
52 65 680227
27 3 92700
20 56 460673
28 19 887648
62 41 916355
92 27 643683
53 39 967962
97 91 10560
14 38 531929
4 29 674017
37 86 245512
61 87 989038
80 35 376882
21 94 381452
27 85 907892
47 21 840550
95 27 282874
51 40 850502
73 4 127836
93 1 502642
10 28 492201
27 4 252357
52 100 405256
75 8 672967
44 6 567803
96 80 582762
87 2 274838
71 24 443418
37 98 742675
7 32 756290
2 88 343318
80 79 713016
57 68 892532
29 87 869748
14 17 338967
51 31 582673
56 21 590612
25 11 175251
15 75 902331
96 90 371386
76 83 522750
76 85 308338
61 90 853024
99 80 474656
58 70 625049
5 72 388689
23 95 767436
42 96 464288
33 10 98594
28 51 203697
36 37 158070
39 100 146921
19 92 377089
15 53 868732
78 31 25179
79 53 46052
65 19 361767
20 32 234290
22 44 881360
68 2 275540
59 94 640012
41 70 744823
11 32 697409
96 84 283409
37 27 2185
58 50 212907
20 31 991472
89 78 354315
26 73 273363
98 40 281842
67 95 788101
53 27 927495
70 93 971922
60 68 709042
35 42 388538
27 38 261013
78 4 685368
38 71 242460
8 2 193472
30 82 386667
90 34 99664
10 20 494583
91 10 492005
36 30 218609
38 77 242501
96 5 960140
93 44 526498
41 66 716632
37 52 977651
49 16 26058
61 33 189266
80 44 559580
99 76 885584
80 60 895974
40 24 625462
89 75 273749
18 83 727607
70 14 8477
5 58 980570
5 53 136221
48 63 754338
22 16 576837
72 36 468858
5 4 472631
100 88 819709
37 97 343292
12 15 463623
48 96 323230
21 40 515842
63 19 198956
57 95 61870
37 76 254827
59 10 681390
19 69 974536
36 59 470154
53 90 200555
50 93 230662
57 70 122995
20 100 754644
17 99 605948
76 100 160770
30 74 160933
71 8 340014
82 63 43176
48 42 227297
43 18 543000
29 93 454149
75 23 42397
30 87 656609
40 52 600111
32 10 750461
30 33 386764
10 72 86752
63 9 806118
88 10 333421
1 61 414117
21 74 121524
42 12 111705
53 71 209122
62 10 101724
24 17 680595
14 98 575051
86 50 936955
14 52 171248
4 22 375305
24 13 79922
62 48 346125
93 86 737544
26 19 536820
51 3 705008
54 39 791309
2 100 767340
61 59 563075
11 10 75917
10 94 172822
80 27 638749
15 99 582787
72 99 166426
98 49 669260
44 32 689230
42 13 351076
85 8 320094
14 33 309375
38 35 955349
97 82 523377
56 93 458692
50 49 162221
29 50 245678
22 89 558010
29 35 770123
17 38 790259
89 42 654068
13 23 646485
36 91 920318
39 14 759249
65 96 270414
31 56 221502
79 50 250367
95 20 613500
22 72 256655
60 83 547340
59 60 368654
74 1 728810
96 97 478562
63 13 666780
52 9 962266
33 77 675983
24 72 457086
71 17 887949
52 58 485496
5 56 806455
38 50 156695
29 66 313676
79 39 262403
98 92 234390
6 34 886650
53 35 726302
35 73 896604
68 82 485214
53 77 862901
68 88 600752
26 40 246602
19 18 994666
67 83 389501
2 75 968580
42 50 264169
16 73 148363
25 23 121865
30 22 777172
9 55 204818
55 93 884666
11 15 645784
27 49 681349
95 70 914840
58 10 793545
88 49 14684
84 52 343365
18 23 280118
58 98 443105
28 86 285422
74 14 546095
45 54 830212
58 32 409515
89 96 326967
43 85 227698
63 60 957372
35 100 192481
44 11 690240
88 100 186261
5 18 252694
83 4 739537
63 39 166329
1 94 18554
22 59 140038
47 69 411388
42 21 354728
11 44 142847
12 36 525888
99 13 914099
98 25 598896
3 74 131362
22 27 416015
41 38 801836
5 93 582003
91 94 779877
40 28 12092
90 11 522785
48 25 560911
98 91 410335
72 43 37849
5 32 963131
21 86 173494
57 17 233096
6 13 496626
6 91 795061
36 78 495590
49 61 935494
17 35 225568
61 21 440900
4 78 579659
82 84 551354
8 15 811461
42 24 552242
75 4 705839
66 17 223435
34 39 962982
96 52 818281
95 72 481411
44 100 800694
41 6 310221
36 94 934788
7 22 905264
6 99 777236
43 95 267831
76 46 512573
36 54 439707
86 5 57011
74 38 995235
37 91 816190
28 100 74155
65 7 23189
12 58 552423
84 48 479447
40 37 43941
24 49 687526
51 42 27671
4 17 945993
10 60 192554
56 11 20492
69 68 130376
87 89 443281
24 63 85117
87 16 718828
1 2 515803
89 67 916909
50 8 584930
38 70 964834
29 56 647873
93 99 310723
30 49 387058
50 81 744759
67 30 676941
76 96 124721
83 57 138041
39 13 581474
72 79 713966
72 84 113664
36 14 301258
67 10 580112
40 34 850225
90 100 205253
42 51 101662
59 9 665949
85 95 744921
50 52 886404
54 58 716065
20 44 190650
48 58 971358
11 92 940232
39 33 468602
21 2 18590
38 63 588290
40 61 949101
17 45 440061
64 60 349112
39 9 3420
17 93 421562
85 70 841141
29 55 369612
43 74 527792
73 96 914725
13 26 131635
47 72 822601
15 98 100789
44 47 202399
53 13 312117
98 20 158360
88 17 521494
90 73 902076
58 30 116943
33 94 290397
3 41 556155
98 48 978339
58 17 366977
85 50 31420
32 30 460385
84 13 549492
81 56 636281
100 51 124154
43 40 474620
58 83 559288
59 80 800144
45 42 599418
5 79 460579
22 48 292921
21 75 319103
66 75 245189
78 51 989273
100 45 566386
22 46 202315
86 18 603230
51 62 450281
78 65 113544
27 65 621057
83 9 764847
84 92 347483
29 72 462214
61 58 755617
58 90 127627
16 70 621145
8 68 560525
29 46 952517
94 50 938852
84 32 126124
90 82 857593
36 38 85270
34 85 125741
11 75 801603
98 4 673089
53 75 670835
49 48 912621
40 95 528351
28 43 641410
32 27 882222
43 31 392362
4 80 743916
1 75 848761
53 15 51433
41 76 213552
71 16 847154
4 55 482587
41 2 641317
33 79 21086
30 20 416249
21 19 182071
42 70 305004
9 57 515516
35 23 182374
49 17 959406
76 67 125407
39 41 469831
79 38 469678
99 49 913333
80 6 878997
25 43 45025
56 14 601500
21 39 163799
49 45 241906
42 84 501061
85 77 505614
20 2 664272
91 90 734878
64 93 650661
20 36 597370
1 46 603359
89 64 903934
66 10 615063
49 52 688297
7 24 641783
30 38 315436
37 57 845126
57 7 530911
97 67 273115
70 98 769534
53 31 196323
56 54 779436
42 39 680246
100 71 250696
67 99 105179
91 17 627179
9 54 686118
41 82 724804
5 8 76952
63 78 462527
56 15 707661
25 67 250947
58 47 177228
52 62 70934
18 16 465023
81 96 292189
58 39 199693
61 66 387527
28 33 149310
97 11 654582
89 21 494448
39 59 128571
54 78 309359
65 56 286630
36 53 910900
93 59 385638
99 38 727450
84 46 424750
91 62 847825
26 86 787196
54 94 648680
47 99 783133
43 42 126626
90 92 885140
38 3 141372
28 47 990230
33 90 140049
11 90 800928
60 54 108064
76 30 968531
94 64 811918
17 21 896561
24 90 550670
46 37 297176
28 45 956174
74 99 21407
18 95 335120
56 3 945705
41 13 248549
87 79 43554
75 79 729800
49 65 747151
40 39 226394
34 81 574368
18 52 998856
92 26 456416
36 16 951722
37 73 256024
53 70 437045
12 61 415728
95 84 289309
9 11 840260
99 33 627845
22 32 328817
94 26 381077
58 63 592936
96 65 170973
90 94 188735
100 31 602255
59 100 614673
18 92 412557
43 29 393164
17 74 606749
70 13 536190
15 76 421394
53 92 947617
99 89 409498
15 48 776739
24 78 770192
69 95 390451
92 74 554846
32 18 405780
79 31 10497
70 97 96923
62 30 682573
99 24 407540
4 72 956438
49 46 481866
71 27 448956
27 29 922518
34 58 492435
70 45 736473
41 68 293101
3 69 916319
49 64 177177
75 88 5780
69 74 161220
64 40 42146
57 23 579067
66 54 33330
10 16 282224
40 44 159689
93 96 453837
37 58 995969
69 64 591385
74 89 39650
46 82 2695
71 28 629000
96 7 246391
82 43 636209
47 45 804813
31 83 79284
2 19 265741
85 65 649959
9 70 515949
91 70 484109
16 66 853598
45 31 586227
60 81 974500
28 76 2017
3 25 404335
83 25 35874
28 66 632306
76 40 408075
89 49 901325
40 10 875655
41 47 303588
94 66 705880
60 63 928576
29 14 0
39 58 3
69 1 7
15 39 2
41 21 2
79 84 2
95 57 10
27 26 7
99 11 0
100 1 5
82 76 3
29 58 3
7 5 8
57 93 6
60 10 2
98 77 8
85 32 0
53 44 0
51 45 8
13 58 10
71 38 8
11 83 10
35 38 0
39 50 5
45 61 3
43 88 1
78 58 6
69 58 8
53 88 2
70 12 9
66 70 10
10 13 8
89 31 0
35 79 3
9 70 2
44 51 9
11 65 5
6 45 9
90 9 10
62 6 0
57 5 3
67 55 1
23 54 1
18 6 10
81 35 8
30 11 7
4 60 0
54 61 9
82 66 5
47 17 4
70 18 0
20 3 4
43 85 7
42 54 8
49 3 6
47 33 2
100 26 3
57 84 1
97 61 5
68 46 0
32 67 9
53 79 3
48 46 8
86 86 1
14 42 6
21 78 5
75 40 4
15 77 4
22 38 0
15 12 6
23 29 2
77 77 4
9 75 7
19 56 6
19 37 7
12 33 10
23 18 3
63 18 9
67 60 6
7 72 9
23 4 6
58 11 10
74 73 10
69 83 9
14 71 4
64 9 3
7 75 7
17 39 5
38 72 0
93 29 10
33 75 3
85 18 9
55 5 6
62 29 10
57 94 8
59 71 6
12 80 6
62 24 9
11 80 4
77 93 3
41 55 9
23 41 5
72 87 3
78 61 2
52 9 5
60 38 9
37 9 6
67 20 7
93 100 5
19 15 4
16 42 8
32 81 7
66 1 10
83 1 4
40 65 3
74 30 8
37 5 10
30 71 9
58 56 6
72 4 7
53 53 9
77 95 5
27 32 9
73 67 1
74 84 1
73 21 8
62 80 4
58 52 8
65 49 8
33 83 1
44 14 8
9 100 3
35 25 9
51 10 5
41 90 1
53 45 0
64 33 1
62 24 4
54 50 0
8 76 0
98 19 9
65 93 2
73 87 10
94 46 0
27 17 1
5 8 7
78 90 0
52 76 10
50 5 5
2 99 2
23 92 1
12 97 7
56 56 7
57 28 8
30 77 4
14 74 10
36 56 8
16 30 1
74 43 10
30 80 5
24 23 10
44 75 6
73 83 5
2 80 0
26 42 1
100 39 1
71 23 0
69 50 0
47 45 0
25 89 5
50 76 6
49 64 2
24 48 2
33 80 4
85 12 1
82 76 10
33 5 0
68 74 4
95 52 8
50 37 6
92 66 6
78 75 6
14 63 6
73 6 0
21 1 6
32 27 2
52 79 4
71 42 7
66 28 6
92 22 7
17 5 4
77 16 4
52 72 3
33 34 8
18 3 2
2 17 5
78 45 5
7 87 8
84 24 5
22 80 6
53 46 5
18 55 10
4 16 2
24 95 6
89 87 5
41 31 0
62 16 7
7 42 4
10 15 7
51 94 8
36 74 7
22 28 3
81 97 0
62 73 5
65 21 9
78 94 5
29 92 2
28 4 5
95 12 7
46 71 9
61 100 5
50 49 2
97 37 1
27 61 8
38 68 6
75 23 6
24 37 5
74 93 8
31 93 2
15 35 1
29 30 8
84 23 6
71 51 6
94 64 4
60 100 8
38 56 9
29 80 6
1 81 0
62 18 2
28 91 2
42 80 7
57 69 4
64 13 10
96 24 6
59 19 3
28 33 4
87 18 1
70 14 5
74 18 6
66 76 4
88 38 1
92 37 0
84 56 0
100 77 8
4 18 0
75 97 1
99 46 5
80 73 3
40 43 10
48 47 1
67 34 4
51 43 4
75 4 8
39 28 8
77 3 7
17 28 9
75 71 7
42 25 1
52 32 3
7 44 4
33 59 0
43 69 3
24 47 5
25 68 5
100 66 4
29 97 0
84 82 5
39 39 0
59 65 1
91 88 9
78 6 5
51 5 7
83 49 3
20 82 6
51 40 10
49 55 10
52 78 6
50 83 1
18 84 5
20 95 0
18 25 8
84 49 7
72 48 10
20 93 6
50 72 9
18 29 7
65 43 4
18 69 7
91 100 1
25 43 6
6 58 10
45 83 2
57 7 2
39 59 0
47 57 10
36 32 2
56 16 7
22 83 8
92 21 9
14 26 0
27 20 0
65 34 10
18 19 1
47 14 4
34 42 10
44 9 5
9 36 5
94 5 7
50 21 1
64 39 0
47 32 2
70 84 6
78 12 3
22 47 3
26 82 8
56 75 4
24 73 0
37 64 4
92 71 6
17 86 4
71 94 4
98 71 6
52 40 9
96 80 2
59 77 2
16 36 3
72 18 10
72 23 2
94 22 7
95 97 8
95 84 10
89 6 3
50 14 8
96 91 5
74 26 7
43 39 4
31 46 9
27 44 2
40 34 8
6 82 1
56 95 3
6 79 9
87 23 0
46 83 9
77 37 1
24 8 0
77 88 5
37 75 1
29 61 5
96 28 6
80 23 6
74 14 6
42 28 3
86 37 5
65 77 10
13 84 7
86 74 0
53 67 7
80 63 5
49 77 9
55 30 3
31 66 1
37 18 2
95 17 3
28 36 8
23 73 7
8 63 2
38 76 8
9 86 0
22 11 3
86 15 7
19 81 7
84 8 8
45 58 9
44 80 3
30 42 9
85 84 2
33 10 7
39 76 0
66 27 2
87 34 0
71 31 6
24 18 5
22 69 10
34 38 1
97 85 8
87 49 6
33 74 4
39 53 2
57 87 6
25 40 8
2 17 5
25 86 4
90 89 0
92 52 7
79 62 2
54 96 9
46 11 9
51 92 6
94 10 7
26 21 6
62 88 2
71 67 4
87 83 4
60 49 1
10 63 5
45 100 3
45 50 7
64 30 8
82 94 6
90 24 3
23 60 10
60 84 2
23 69 10
28 2 10
81 33 7
74 78 3
59 33 4
65 20 0
68 39 9
100 100 4
21 86 7
40 70 8
20 49 5
72 16 3
80 9 5
88 20 6
3 34 3
29 37 3
96 40 4
3 48 2
89 28 7
11 14 3
70 40 9
84 97 10
31 38 3
87 78 2
75 88 6
5 41 8
11 54 1
63 67 6
66 80 5
26 23 6
56 70 5
49 12 6
12 38 0
52 39 6
81 100 6
15 70 6
66 24 8
37 9 8
66 57 1
69 31 4
18 36 1
18 49 4
80 25 6
99 71 6
83 2 5
16 61 3
37 89 7
61 70 8
22 49 6
81 38 8
92 64 7
72 68 5
89 21 2
61 87 8
33 77 9
26 2 9
18 9 1
87 25 9
1 85 10
41 1 10
35 35 9
31 23 0
20 18 3
61 68 2
70 94 1
37 14 5
94 90 7
2 1 0
10 76 1
80 7 8
3 49 1
57 46 6
28 17 1
86 40 7
68 65 10
32 81 10
88 19 7
81 26 9
45 52 3
28 82 6
64 81 9
93 25 0
91 53 6
75 46 0
85 29 10
79 84 9
40 45 10
7 99 8
74 62 2
66 95 3
11 65 7
73 89 6
81 59 6
83 7 10
84 90 8
73 55 3
45 50 8
63 3 6
45 49 9
2 69 10
90 63 9
49 99 6
62 87 7
49 86 7
29 76 4
84 43 8
40 6 0
37 82 4
61 67 1
74 23 1
95 38 0
42 35 10
84 60 2
13 28 4
62 82 6
26 58 4
47 3 9
12 64 5
32 22 6
24 28 6
86 39 5
54 78 5
38 19 9
32 5 3
78 96 0
10 11 0
50 2 6
6 81 10
95 77 0
22 2 7
75 15 4
6 24 1
29 78 6
99 45 0
30 51 0
44 31 7
16 14 4
37 82 9
90 54 9
68 30 1
91 79 2
95 9 8
81 91 0
42 10 7
71 71 9
73 66 4
7 7 6
13 37 5
83 6 0
33 48 4
87 23 8
39 50 6
86 46 3
88 53 4
63 37 0
14 72 1
89 74 5
75 81 10
40 9 5
84 41 4
42 92 8
28 24 3
94 21 9
53 42 7
19 79 6
66 91 0
83 86 10
13 87 6
68 35 8
45 29 3
63 51 8
66 44 6
13 97 9
79 59 4
98 25 9
8 59 4
34 88 0
61 10 6
56 7 0
28 49 7
7 98 0
94 85 7
93 58 10
27 83 2
80 32 2
93 40 7
34 91 3
73 53 2
1 86 9
34 59 10
56 11 10
86 52 0
100 60 4
88 94 9
81 86 10
54 9 0
37 80 6
78 15 4
7 30 5
70 36 1
60 40 4
45 72 2
8 50 5
55 100 3
84 51 3
34 73 0
51 62 8
46 8 10
86 80 6
53 61 8
10 21 3
88 45 0
4 27 1
15 19 9
77 13 5
39 81 2
7 84 5
49 8 9
18 46 8
52 17 10
7 49 10
86 84 7
66 4 9
27 11 5
98 25 2
81 46 8
24 78 9
13 58 7
98 56 10
83 40 5
85 2 9
45 52 5
88 34 8
70 26 6
59 65 4
81 30 8
62 35 1
96 33 6
28 79 2
7 54 3
88 27 3
61 28 6
59 8 5
14 2 10
59 48 2
58 75 3
97 91 10
41 89 5
33 21 0
60 26 2
26 41 1
6 24 5
31 77 10
91 92 8
24 18 5
84 29 0
95 42 4
95 14 4
71 60 8
46 23 3
43 56 10
11 28 3
17 59 1
15 15 7
78 4 9
95 73 1
59 7 9
63 48 1
52 58 4
83 52 9
53 8 8
38 27 8
18 96 2
74 9 7
80 91 3
23 95 4
81 92 7
42 25 6
95 13 1
92 22 3
49 57 3
77 67 1
6 62 4
37 38 7
8 48 4
44 27 7
71 70 7
80 7 1
87 97 1
36 43 2
55 13 9
61 4 3
85 67 1
37 33 6
82 84 10
62 7 2
48 39 3
71 37 3
15 79 5
62 6 10
57 84 5
44 75 1
7 41 7
100 23 4
77 58 7
1 8 2
50 62 6
25 18 1
35 63 9
89 37 10
8 98 5
91 13 5
77 66 10
33 50 9
18 47 4
40 65 6
36 52 8
30 22 8
43 64 0
34 31 6
94 56 3
64 90 10
88 32 1
87 75 10
93 6 8
22 74 10
19 81 4
4 42 3
99 79 8
44 40 9
22 48 4
94 44 0
89 100 8
33 77 3
8 61 9
48 73 5
80 87 5
55 44 7
59 63 10
3 29 9
29 50 6
23 16 2
32 72 4
89 28 2
62 94 10
29 89 10
46 85 9
70 79 7
74 29 2
22 98 4
20 77 9
90 54 3
55 79 0
28 66 9
27 61 1
11 11 10
18 86 2
13 62 1
5 16 0
73 17 8
93 8 0
69 87 10
48 31 7
88 13 4
32 3 8
94 64 4
66 7 10
54 9 5
77 75 9
4 60 7
68 37 7
98 78 6
63 30 4
5 27 10
40 53 5
29 90 3
84 20 7
2 27 7
67 86 10
51 62 3
62 70 7
75 40 5
61 21 10
48 69 10
86 18 5
30 62 7
81 61 1
47 93 9
75 62 4
69 90 1
7 6 6
28 55 1
100 5 0
47 45 10
98 37 3
24 55 3
27 17 10
72 79 6
16 86 10
84 49 2
10 42 5
63 62 2
78 95 9
32 48 9
19 37 4
52 88 10
33 81 1
19 89 8
63 29 6
35 33 10
86 19 8
77 40 3
92 93 10
100 49 3
91 17 6
28 100 0
15 7 5
54 1 8
33 66 6
24 45 5
25 84 7
82 91 5
72 64 10
1 29 1
49 69 9
20 93 1
50 78 4
76 47 7
24 85 4
91 56 10
97 23 10
11 39 5
100 83 1
64 4 4
92 96 5
61 77 5
52 86 3
1 19 4
25 98 8
50 17 5
29 30 9
11 45 5
81 57 7
53 63 10
74 10 7
50 99 2
77 6 3
17 80 1
48 11 1
89 4 5
13 51 5
38 100 4
26 61 6
89 27 8
56 94 5
42 24 8
81 93 9
6 85 7
87 91 10
22 15 10
84 26 10
77 48 0
67 99 4
90 52 5
41 73 0
22 2 6
30 76 6
61 49 7
68 11 7
67 45 5
24 74 8
35 21 10
98 69 5
66 18 2
93 69 2
57 65 2
18 84 5
44 53 3
43 21 4
41 15 3
68 39 0
64 28 9
4 19 1
3 8 8
98 89 9
49 12 10
6 92 2
52 85 9
99 17 8
40 78 9
25 53 5
17 97 0
57 78 1
26 63 4
42 56 6
18 56 10
99 23 0
77 87 9
91 17 5
89 26 1
38 41 3
7 3 3
17 11 5
76 54 9
10 37 0
42 90 4
56 56 3
85 26 7
52 37 10
53 69 4
90 13 6
66 30 9
53 11 8
20 32 0
91 30 9
41 74 9
90 74 6
22 42 8
85 38 2
98 77 7
56 99 3
33 73 1
62 97 2
10 83 6
87 65 2
22 45 2
5 33 10
60 52 5
88 47 1
41 68 7
16 55 3
67 78 8
99 51 2
55 37 4
54 60 4
82 9 8
93 76 3
23 64 1
44 100 4
17 47 8
67 88 10
8 98 1
98 40 1
11 19 0
82 55 2
48 6 7
7 60 5
59 21 2
13 47 2
52 94 7
34 78 10
35 68 1
65 79 9
2 71 5
40 32 4
80 25 2
34 58 1
44 75 2
38 28 5
17 74 3
29 71 9
92 44 4
33 97 1
14 37 2
47 71 6
28 11 4
60 45 10
3 47 8
62 23 6
91 45 5
22 81 10
20 75 1
8 32 6
24 16 2
84 14 10
70 32 4
97 14 4
20 87 4
77 31 0
47 58 7
66 26 8
54 53 7
100 80 0
85 80 9
53 55 0
39 61 9
29 75 3
26 36 3
73 85 0
93 83 9
87 25 1
98 39 9
98 10 9
9 48 5
47 99 10
98 40 7
46 78 0
87 20 1
49 75 9
51 15 8
63 10 8
80 73 2
31 59 3
23 66 1
45 95 8
76 66 10
64 3 8
16 10 9
1 17 9
24 93 8
3 19 8
40 48 5
75 27 0
65 53 9
45 22 8
60 5 1
37 67 1
66 38 7
4 37 4
38 43 7
99 44 9
42 94 0
54 41 10
46 37 8
40 11 10
93 57 3
22 40 3
94 54 0
100 5 1
55 91 8
84 48 7
60 81 7
99 92 7
70 32 3
16 74 3
40 37 5
70 18 10
75 16 4
30 69 7
12 76 3
64 37 8
26 34 3
80 87 8
72 19 1
7 30 3
91 90 4
87 4 7
49 66 4
7 39 5
27 15 1
98 74 7
52 69 10
94 67 6
46 90 3
93 19 0
62 28 4
94 31 7
97 26 2
56 74 9
57 65 10
21 31 7
36 88 3
93 24 6
29 88 5
70 77 7
82 93 9
75 8 6
27 71 7
6 84 3
69 23 9
70 69 1
62 83 9
80 10 4
38 51 9
3 5 8
33 47 8
33 10 0
57 53 7
47 66 3
6 50 2
33 32 0
42 45 6
17 30 2
97 87 1
40 73 1
66 63 1
49 38 3
95 10 10
45 56 0
16 26 5
6 32 2
49 17 7
60 87 10
6 86 7
81 99 10
15 17 10
39 16 5
70 88 0
14 20 3
62 33 10
1 56 5
41 24 6
5 13 9
18 56 6
9 55 10
64 9 10
9 45 7
27 64 0
93 31 4
8 46 3
13 84 5
97 10 2
36 61 6
69 22 2
83 25 6
9 73 9
67 72 5
98 28 8
80 99 5
20 44 7
31 71 10
69 60 10
92 36 9
46 96 2
33 52 6
87 84 5
7 26 6
97 79 3
10 71 8
25 95 9
15 92 2
52 56 8
8 29 8
73 16 9
62 80 1
24 32 0
97 1 4
10 61 4
93 8 10
74 99 5
79 6 2
70 77 9
74 91 0
12 97 2
43 61 0
76 52 0
94 74 3
1 84 2
63 87 1
92 12 1
11 16 5
23 40 8
13 53 0
17 73 2
31 57 5
45 44 7
21 93 6
59 80 0
48 82 0
32 14 4
68 89 8
92 90 5
89 61 2
92 23 3
29 88 6
67 59 9
77 86 7
6 80 3
4 76 8
9 87 9
71 80 5
75 25 3
30 31 10
93 37 9
4 22 7
55 46 0
4 91 6
7 57 4
76 34 3
48 99 0
63 69 9
25 42 6
35 11 3
23 100 8
28 69 1
97 98 1
9 34 8
52 43 8
65 28 8
24 40 1
60 88 8
32 34 8
79 64 10
97 89 8
83 68 2
81 80 7
18 81 0
31 81 9
99 10 0
1 67 0
81 25 4
2 1 1
70 71 9
24 52 3
24 83 3
63 79 0
7 67 0
79 65 0
83 38 4
45 3 0
30 92 9
93 74 6
29 16 0
42 38 0
81 84 10
54 79 1
57 84 9
20 80 10
1 14 1
76 59 9
57 91 1
30 100 4
79 59 7
92 49 10
39 9 10
32 92 7
54 5 8
87 53 0
58 71 3
41 24 2
62 65 10
85 9 6
55 9 0
77 41 9
77 15 3
92 14 9
30 95 6
61 22 9
73 43 4
37 49 3
17 79 3
30 70 4
7 89 10
65 2 8
54 66 7
5 43 5
26 6 1
75 7 7
47 49 2
21 78 0
77 99 3
73 82 1
37 40 5
37 76 8
82 74 9
42 13 9
4 74 9
88 26 10
91 87 10
36 54 0
14 48 3
29 91 8
39 28 6
18 39 5
12 62 0
70 52 0
9 25 1
12 100 7
76 20 2
96 95 3
81 54 3
47 6 3
74 2 4
60 67 3
21 4 10
44 85 6
76 11 0
87 54 1
34 97 4
64 66 2
12 47 7
35 80 8
24 59 0
77 70 10
42 95 4
78 100 8
32 43 3
25 84 8
66 42 10
7 66 7
72 72 8
57 15 4
34 9 6
18 36 0
2 39 7
60 21 5
23 70 0
43 100 0
56 11 4
27 34 3
90 23 4
96 54 3
45 53 3
17 27 6
77 64 2
24 91 6
36 59 6
3 96 5
64 75 1
19 87 3
66 17 2
2 11 6
7 74 4
53 16 1
9 41 1
22 87 3
98 36 1
30 79 4
79 44 7
12 91 4
79 17 4
48 39 0
69 85 7
2 53 7
17 66 4
96 77 3
27 52 0
12 35 0
68 32 0
36 27 0
66 33 4
52 71 4
62 34 0
43 31 6
10 43 2
68 26 9
18 73 8
4 33 3
69 20 8
32 67 2
23 52 5
23 62 1
78 47 7
50 40 1
100 69 0
36 5 4
18 97 8
25 92 2
21 67 7
76 51 6
28 61 9
34 11 5
70 32 4
1 45 9
59 88 9
23 87 5
83 85 5
37 61 0
100 48 0
5 100 3
100 30 6
92 40 9
22 90 8
62 73 1
79 59 2
98 53 7
87 37 6
95 38 0
17 53 8
21 16 1
1 53 7
72 100 6
58 54 8
8 81 8
31 86 5
42 27 3
21 27 10
79 79 7
38 34 4
91 41 6
63 54 5
43 71 1
6 84 10
18 62 10
89 95 0
58 39 4
22 58 9
74 95 7
97 96 2
22 73 8
19 55 8
62 74 5
95 28 2
47 65 9
40 54 2
14 98 4
15 28 4
87 5 7
87 38 9
37 12 7
11 3 2
10 87 5
51 24 0
77 81 7
3 15 1
77 96 2
60 52 7
33 15 1
82 81 7
41 49 5
13 54 8
89 1 8
63 54 9
46 65 4
70 68 8
35 40 9
6 14 8
10 56 7
40 84 3
89 39 0
60 58 2
93 6 10
45 36 6
81 6 8
28 42 3
13 3 8
72 33 4
76 10 4
89 3 8
36 56 3
20 12 2
39 43 3
7 16 1
41 34 6
46 5 5
89 39 4
23 4 4
73 16 9
17 49 6
53 17 6
98 23 1
15 94 0
10 92 9
36 1 6
38 55 6
25 14 10
97 16 7
82 53 5
36 90 3
99 17 7
5 71 4
89 43 2
51 15 0
67 43 1
32 76 10
27 80 7
65 49 2
38 100 2
93 40 10
47 39 0
84 55 2
95 77 3
70 99 5
31 47 8
6 97 0
64 60 8
64 15 4
42 72 5
27 75 1
68 41 0
73 71 9
28 51 4
9 73 6
26 35 1
63 34 3
81 76 3
92 46 7
14 88 3
97 53 1
86 65 8
97 41 4
69 39 5
69 65 9
75 33 4
76 29 9
93 79 6
82 5 8
89 18 1
93 86 1
18 73 0
39 58 9
62 14 8
78 55 2
69 10 2
83 98 9
99 40 0
68 60 0
90 46 6
99 37 1
85 35 3
79 17 8
7 86 1
60 28 10
81 84 3
37 44 5
10 91 7
72 60 1
47 4 9
89 95 7
92 46 2
83 57 6
69 93 7
94 43 7
13 10 1
77 44 4
30 77 1
79 27 0
64 71 0
52 32 1
10 61 10
35 5 0
72 88 5
55 90 8
68 49 10
18 38 8
90 99 2
78 99 7
50 1 0
18 69 6
33 77 7
67 62 0
85 63 7
8 64 7
83 9 10
53 98 9
2 33 2
59 51 5
57 3 2
80 53 8
24 86 7
90 82 2
97 13 10
5 56 10
21 62 1
98 65 9
42 79 5
18 65 2
89 75 9
39 22 10
75 97 2
35 54 4
7 10 6
75 60 7
72 88 4
97 69 5
60 78 1
48 77 5
83 83 7
4 7 5
76 35 0
18 35 0
12 99 10
89 26 1
37 37 6
63 25 6
21 93 4
90 45 1
30 14 5
100 52 6
55 57 3
17 58 6
22 87 3
62 56 6
56 50 8
80 13 5
99 61 5
82 48 7
11 90 3
52 60 10
15 3 0
4 18 7
54 28 3
31 49 7
62 99 8
80 34 1
85 2 10
63 65 5
75 21 3
49 72 9
16 57 1
11 27 5
54 73 10
54 33 3
46 30 9
93 3 4
12 36 6
32 18 2
54 32 7
74 52 5
32 57 4
41 10 1
47 8 9
68 28 4
49 61 0
97 86 1
8 62 5
47 33 9
66 59 10
47 91 4
20 11 0
28 70 8
3 81 3
12 27 6
12 74 5
54 8 6
86 76 0
95 65 2
67 53 7
62 92 1
89 54 1
32 78 6
13 45 4
58 56 1
39 91 5
10 27 2
86 30 6
34 42 9
98 22 1
68 44 9
44 21 1
48 79 8
96 19 2
72 98 8
77 79 5
45 68 4
28 75 6
35 6 8
52 49 7
90 98 4
39 13 3
71 30 0
72 28 1
82 54 10
100 85 5
16 6 7
94 58 6
23 17 7
93 73 8
10 13 9
100 77 0
11 88 5
66 51 6
78 46 1
92 9 0
29 70 7
80 17 2
64 24 8
88 28 1
21 39 3
13 85 5
69 49 2
15 37 4
85 68 1
47 41 4
30 66 5
95 88 2
40 4 10
60 14 3
18 68 4
22 48 10
60 42 6
41 19 8
46 2 7
85 33 2
82 4 3
27 77 9
44 36 10
79 38 1
23 70 6
5 3 9
4 63 9
29 13 8
83 88 7
62 55 7
69 23 9
26 67 3
67 20 9
56 30 8
85 10 3
7 47 8
33 28 4
90 75 10
78 54 0
55 3 4
94 1 6
14 71 3
53 34 3
18 31 10
77 35 4
76 22 3
70 41 6
15 78 3
94 16 4
92 2 0
57 65 4
50 84 9
57 5 5
82 36 10
31 18 3
42 33 10
39 44 3
12 98 3
12 71 9
50 27 0
24 32 5
39 96 4
86 86 9
18 50 1
57 42 3
84 18 10
53 88 6
89 23 4
86 9 8
12 39 7
63 95 8
52 26 0
88 78 7
18 79 7
54 95 2
33 18 10
28 19 10
70 95 4
17 6 0
18 6 6
61 53 4
69 41 1
28 98 0
6 21 10
42 61 7
38 10 8
83 69 9
57 97 10
23 53 0
62 83 6
27 100 3
12 68 8
17 28 9
30 98 3
31 23 0
44 59 7
78 61 1
100 25 5
61 41 6
24 17 0
97 45 4
70 18 8
87 77 7
41 99 10
15 68 1
54 19 0
52 21 6
94 63 1
63 22 6
39 53 3
58 82 6
92 49 1
100 25 5
49 96 8
7 60 7
83 30 8
20 8 6
3 56 10
22 58 3
84 42 10
68 83 1
44 9 8
3 66 2
1 77 1
90 84 3
94 99 3
13 11 4
76 26 9
29 89 0
99 67 1
19 51 3
87 77 3
38 2 3
57 40 2
14 28 9
19 25 5
54 55 10
9 73 4
1 65 10
96 36 9
66 47 0
66 44 8
62 81 1
49 4 6
54 81 8
49 7 7
30 81 9
82 33 0
21 96 0
66 29 1
78 68 4
3 72 2
86 22 10
91 84 2
31 24 0
14 2 10
63 9 4
39 45 8
68 64 7
53 96 7
89 61 6
77 72 9
64 93 4
25 51 4
90 94 7
25 36 1
42 54 4
93 69 10
37 90 2
67 33 7
65 3 5
97 30 3
94 14 1
6 80 6
10 4 2
48 37 4
31 71 5
40 98 3
18 85 2
10 37 1
58 9 0
27 44 9
34 56 10
52 48 10
42 3 9
85 17 4
23 65 7
17 19 2
78 69 6
49 80 4
40 29 0
87 58 10
9 22 3
42 22 3
3 17 4
78 21 0
92 2 0
43 45 2
79 96 6
45 45 9
1 42 4
68 78 7
49 25 9
78 75 0
17 10 5
6 93 1
91 86 1
37 28 10
85 72 8
25 90 8
55 81 5
75 84 2
5 8 8
53 78 3
63 44 6
65 20 0
100 96 3
1 21 9
31 43 6
58 30 4
82 9 8
38 67 7
43 44 8
68 46 5
37 37 6
45 97 7
64 100 8
58 55 7
4 58 5
57 44 1
95 54 8
87 24 1
9 79 1
49 48 8
53 21 2
64 19 3
37 64 8
54 51 9
76 23 4
96 26 2
65 18 3
76 96 5
66 34 1
91 36 4
84 93 8
12 17 5
31 30 3
24 68 7
34 95 5
47 19 4
49 45 5
91 40 2
45 75 10
4 1 3
38 94 3
90 71 7
89 2 5
6 54 8
67 61 10
47 5 5
31 90 5
47 88 3
1 16 3
92 5 1
54 33 2
57 5 1
75 50 2
74 24 9
31 61 3
43 43 4
37 65 4
41 18 2
79 5 8
14 48 2
57 37 4
64 100 5
19 64 8
44 25 4
24 73 2
83 81 10
79 62 5
58 38 4
59 95 2
55 72 10
33 23 3
72 44 9
46 46 2
33 63 7
13 37 7
11 25 10
71 64 8
78 94 8
35 57 7
17 50 8
40 80 6
12 8 4
6 57 2
28 48 10
27 50 6
20 64 5
19 4 5
36 33 6
8 91 4
70 27 10
26 50 7
36 89 7
14 67 9
57 72 8
50 70 10
51 18 1
6 94 9
48 33 7
8 73 0
49 93 4
89 59 6
98 78 5
49 17 0
54 23 5
88 10 8
94 98 5
59 67 5
35 45 9
8 3 8
2 73 3
15 5 6
40 85 2
83 10 4
33 76 4
36 9 5
87 3 0
77 35 1
22 58 2
30 64 4
43 61 7
52 79 7
29 16 7
22 61 9
53 8 8
96 1 6
88 80 5
79 31 9
63 67 6
34 40 5
72 96 4
21 95 4
72 63 1
98 3 4
17 55 7
88 8 9
38 5 9
3 66 5
79 90 3
22 28 9
74 19 3
74 11 10
82 65 4
72 71 9
53 6 9
38 83 7
76 90 8
18 42 7
61 77 5
7 56 10
33 18 4
88 22 9
81 19 5
2 17 2
2 2 3
2 36 6
8 55 1
67 85 0
27 57 9
1 5 1
11 35 8
72 68 1
92 87 5
81 10 2
21 4 6
63 98 4
26 34 4
51 40 4
6 19 4
86 40 9
47 81 3
21 48 2
61 26 10
91 60 1
56 22 10
22 47 2
63 78 9
44 79 8
56 8 5
66 67 2
83 34 1
38 67 10
11 37 10
15 17 2
11 69 7
11 11 8
89 51 2
90 86 8
24 30 7
60 27 10
93 42 0
58 92 2
4 25 6
81 66 0
4 79 4
84 84 8
89 60 0
41 10 1
69 17 2
13 91 0
18 72 4
10 48 6
55 14 0
2 38 9
5 69 0
34 65 2
20 7 1
85 63 9
21 88 1
31 49 5
41 58 7
78 99 3
56 67 1
92 95 5
18 11 10
52 79 5
23 29 8
58 32 5
36 60 1
21 5 2
76 56 6
52 84 0
33 23 5
99 7 0
86 51 3
20 15 10
21 93 5
71 18 1
31 23 3
14 41 6
20 51 2
51 7 6
33 33 4
26 21 7
80 76 8
53 86 5
41 87 4
41 54 2
71 25 2
69 65 9
45 52 9
33 96 7
44 51 5
35 84 0
85 2 0
58 79 6
74 73 10
65 1 8
16 69 4
69 80 2
13 81 7
82 77 3
13 95 0
20 85 3
23 35 7
23 16 9
34 73 3
41 22 5
93 96 1
95 55 3
44 81 9
65 91 6
92 16 2
82 40 7
97 87 10
74 53 10
38 4 1
67 58 2
2 99 10
10 46 10
31 49 10
27 27 9
60 25 7
51 52 2
96 72 7
86 66 9
84 48 4
11 83 9
18 11 3
42 84 5
14 30 1
90 100 4
33 83 6
94 10 3
7 94 1
70 37 4
54 56 1
57 15 10
60 25 9
41 98 10
67 24 4
11 83 8
27 85 10
80 48 2
34 82 6
47 46 1
94 57 2
92 66 10
75 26 7
7 10 0
86 51 1
4 4 6
33 39 0
97 98 6
71 17 9
71 38 5
36 57 3
83 27 2
43 51 10
56 57 6
29 73 5
19 7 0
69 95 7
33 73 1
72 86 6
9 30 1
89 88 8
27 53 2
69 96 9
68 31 1
32 82 8
91 6 3
32 56 2
88 47 9
43 63 6
41 27 6
68 100 3
54 2 5
41 24 7
51 80 5
91 74 10
71 68 6
82 20 7
47 78 8
22 3 5
85 67 0
53 49 4
32 93 6
62 35 2
16 98 8
5 77 10
45 74 7
58 97 2
79 82 1
58 98 10
68 50 1
2 68 9
22 5 9
77 16 2
27 69 6
74 9 1
57 27 2
33 66 8
74 63 0
32 58 8
22 96 6
68 91 0
58 74 2
72 42 6
64 61 8
81 33 3
81 65 4
6 35 0
50 41 7
77 23 7
92 20 10
2 7 3
86 54 0
48 13 0
10 15 8
61 76 3
83 20 5
26 30 7
16 52 3
70 3 3
87 18 7
62 100 1
85 69 8
100 74 6
73 75 5
47 41 3
42 94 10
32 49 1
92 57 8
39 49 6
57 18 5
44 42 7
50 54 4
45 84 5
14 95 2
58 8 10
91 11 4
98 92 10
73 78 1
28 70 10
77 5 5
81 10 1
28 92 5
37 47 8
56 42 3
82 23 1
61 22 5
64 48 2
26 56 8
31 68 0
14 20 2
76 95 1
36 55 5
65 39 6
37 53 1
40 40 10
50 89 3
42 3 7
50 75 4
34 9 3
53 83 2
53 29 6
15 28 10
26 48 3
84 72 4
96 15 3
8 57 10
27 68 2
58 97 7
73 86 4
18 93 5
8 59 8
17 69 2
41 53 10
23 87 9
89 62 5
80 14 0
98 78 6
36 90 8
20 82 6
58 76 4
8 6 5
88 52 10
24 46 5
81 15 8
83 68 3
77 96 3
16 91 1
90 72 10
43 45 3
17 81 8
38 19 6
28 65 9
73 68 1
53 82 4
52 97 10
63 84 10
32 39 10
62 55 5
62 68 9
34 48 0
23 45 5
94 89 6
100 61 7
31 74 1
79 83 2
17 16 8
99 50 2
52 3 1
29 32 4
59 95 6
77 66 0
84 74 0
11 98 1
21 81 3
27 100 1
10 46 4
31 51 5
32 64 1
85 46 2
13 63 1
50 47 0
73 8 1
16 71 6
91 84 8
80 32 5
26 1 3
77 31 3
77 11 0
51 2 0
34 7 6
43 95 8
50 58 4
85 95 6
44 24 9
56 7 10
43 10 4
5 92 4
31 100 3
16 61 2
8 55 10
27 73 8
81 29 2
6 25 8
55 79 6
85 98 4
61 49 1
29 39 6
19 78 10
10 77 8
85 2 1
100 11 9
63 12 10
12 55 9
44 94 6
73 51 0
46 12 2
55 42 2
19 16 0
46 65 9
65 17 1
36 78 9
65 10 10
92 99 2
79 76 7
33 22 9
59 84 7
13 37 5
32 25 5
17 60 8
15 28 4
49 68 0
43 100 1
70 53 3
54 48 5
92 35 8
59 83 9
14 26 0
12 39 1
89 72 6
58 18 9
92 23 3
50 18 9
98 12 1
29 80 4
76 89 6
19 31 9
23 3 5
4 85 0
83 46 10
97 18 5
36 73 5
39 14 3
46 86 9
88 13 2
51 85 4
54 16 1
17 44 3
47 6 1
63 39 4
79 31 3
19 87 8
87 79 3
28 12 6
8 20 10
97 18 2
58 31 5
68 43 7
89 50 1
48 43 0
99 9 6
57 29 7
76 16 8
74 25 10
12 100 1
32 55 7
43 95 7
61 18 9
14 52 1
18 26 10
98 90 1
48 53 1
97 22 6
14 75 10
30 18 9
63 45 5
7 38 8
78 67 6
62 17 7
84 69 6
39 13 0
99 74 5
55 9 9
62 90 0
16 97 10
35 69 9
38 18 10
79 74 2
71 52 3
86 8 1
94 28 2
67 28 5
5 20 9
75 47 5
20 82 7
74 53 6
37 21 0
7 16 4
20 19 5
67 78 4
78 27 2
12 55 4
57 49 7
50 13 6
84 38 3
7 38 4
46 97 7
86 13 10
54 17 10
88 83 7
68 80 8
51 87 3
7 88 1
65 83 8
60 54 3
18 74 3
13 34 9
47 38 3
47 90 9
46 49 5
42 89 2
50 5 2
37 61 2
22 16 8
45 78 3
95 10 10
1 31 5
63 3 5
60 64 3
68 89 9
45 77 8
82 73 4
48 99 9
85 50 7
77 61 7
40 99 9
43 49 2
19 25 1
82 89 4
8 87 2
43 92 10
53 19 1
51 99 7
83 71 10
79 55 0
29 80 5
33 14 7
55 5 4
90 61 8
13 49 9
92 23 5
48 33 8
87 50 2
96 77 8
93 70 3
86 89 6
92 54 7
60 24 7
93 32 7
70 80 8
15 10 6
59 35 5
94 67 5
34 27 6
96 63 9
79 17 6
85 4 7
80 80 10
37 29 0
81 67 0
17 88 0
11 1 2
60 32 2
43 91 1
26 71 9
49 19 10
25 89 8
39 1 0
54 78 8
53 30 7
18 100 4
6 88 6
87 80 5
38 35 7
69 25 10
62 24 5
78 82 9
44 46 2
10 45 6
40 6 5
10 70 3
56 6 6
20 5 2
19 63 5
99 98 8
33 37 2
54 12 4
22 39 5
23 69 8
28 76 1
24 43 7
30 86 5
77 70 7
12 49 6
89 40 1
35 78 0
22 39 6
75 94 2
2 2 0
54 31 1
95 55 6
38 44 1
82 54 10
6 50 0
83 21 3
21 41 3
74 96 1
90 86 3
37 21 1
67 23 2
84 34 6
31 46 3
16 97 3
68 17 9
24 35 8
34 48 5
97 9 4
90 47 1
32 97 3
51 97 4
69 51 2
42 59 8
7 91 1
62 75 8
80 92 0
22 25 10
50 9 10
81 82 4
16 3 8
97 24 7
5 89 6
66 53 4
97 72 1
20 40 2
52 39 4
89 33 0
74 26 9
68 52 1
46 12 0
62 83 1
54 30 1
31 21 2
39 95 4
39 78 8
10 51 9
54 7 0
32 7 6
97 6 0
10 82 8
51 77 9
50 94 7
9 29 2
46 11 10
84 1 3
14 3 0
20 44 1
29 66 10
45 75 5
58 88 1
46 16 4
52 57 3
62 83 7
60 66 3
56 91 8
89 28 8
11 54 5
40 67 5
19 31 3
4 77 7
96 45 1
40 69 7
57 87 1
54 68 2
11 100 2
32 20 2
48 8 7
2 18 10
71 53 6
6 28 0
75 29 6
92 83 0
88 43 6
29 75 9
92 27 8
72 74 1
31 89 7
53 61 0
60 44 3
10 95 8
72 44 2
49 55 0
5 57 4
53 67 9
63 40 2
29 55 6
79 54 8
91 68 4
13 56 0
13 30 4
12 65 7
78 54 0
53 29 4
56 86 4
69 57 0
92 12 7
19 25 10
48 63 3
87 14 10
47 93 3
29 50 1
81 50 4
69 95 4
65 12 8
79 80 2
39 6 8
20 42 10
18 75 7
73 20 8
95 57 8
23 19 3
20 13 0
86 89 3
45 93 2
87 64 5
63 35 5
23 44 9
30 4 3
77 29 9
16 55 0
58 6 1
94 82 5
37 29 5
55 39 2
53 97 7
12 96 9
90 58 6
93 52 4
38 74 9
69 13 5
13 97 3
74 26 4
82 89 0
24 27 0
31 39 2
89 74 0
96 90 4
39 37 1
8 3 0
26 93 0
17 15 6
50 96 2
16 62 5
12 96 2
52 79 2
25 9 10
37 100 2
12 43 4
97 24 7
95 94 7
82 48 6
59 60 7
26 96 7
59 39 9
24 31 5
82 73 10
69 98 2
78 17 10
26 88 8
42 27 8
88 34 0
19 26 10
86 81 1
70 85 2
81 60 10
3 62 8
11 100 5
89 56 8
25 51 4
70 33 5
27 33 4
59 82 7
67 83 10
16 98 4
21 56 7
82 61 5
53 49 7
83 33 0
72 12 4
22 29 8
98 5 7
30 73 4
77 75 6
39 92 2
85 85 7
8 51 1
76 14 2
8 61 3
50 22 5
53 80 6
68 70 5
96 47 10
41 60 3
31 89 2
2 69 3
15 87 7
4 85 2
35 14 0
61 28 10
72 91 0
45 100 2
79 97 0
91 33 4
73 50 1
70 22 10
49 11 10
98 9 9
82 68 6
67 86 2
57 98 10
89 12 10
15 49 8
60 40 9
70 100 6
94 38 6
40 20 7
88 6 10
37 52 10
20 81 5
45 5 6
88 7 4
80 99 6
89 85 3
44 79 5
98 58 2
39 17 9
19 23 3
54 45 9
94 18 1
22 13 10
75 71 2
32 54 7
86 25 7
10 91 7
64 46 4
6 51 1
53 87 10
46 28 8
10 23 4
90 12 3
10 12 6
39 84 1
66 84 5
64 25 4
55 36 8
54 83 8
3 22 5
22 91 1
97 25 1
36 46 8
19 60 7
68 47 3
54 27 10
66 54 7
96 41 9
97 41 0
29 72 2
41 11 8
80 63 3
93 30 10
50 72 8
89 49 5
93 10 2
16 79 4
6 50 5
14 38 8
82 14 4
1 57 2
46 46 1
33 30 3
34 59 5
37 77 1
20 60 5
3 73 6
47 32 5
79 6 2
40 50 7
14 96 8
56 46 2
4 29 9
3 91 2
50 20 8
13 35 8
80 73 4
2 16 10
61 81 6
63 42 3
65 49 6
90 27 4
76 16 3
74 84 3
20 96 3
17 44 5
91 64 9
33 80 9
92 55 7
79 30 8
93 19 9
56 72 10
18 38 5
53 95 2
78 49 4
24 84 8
90 98 0
10 28 8
40 88 5
83 45 0
58 26 5
77 75 2
83 82 8
56 83 0
10 38 6
90 55 9
77 42 9
77 8 0
22 54 2
87 28 1
100 79 8
52 91 0
75 22 2
87 97 8
41 63 6
7 44 8
90 79 4
80 81 5
66 83 0
16 39 0
43 72 3
65 52 3
60 50 10
13 50 7
49 44 6
16 55 9
11 5 9
2 60 9
26 9 7
41 73 1
44 79 8
1 56 2
36 54 4
80 46 6
85 85 4
83 83 0
18 3 8
19 79 7
56 38 8
72 7 7
31 55 2
47 37 4
87 37 2
90 25 4
2 82 5
60 69 10
74 98 3
57 26 8
52 22 10
19 39 10
96 77 0
64 62 4
100 30 7
73 11 4
80 18 2
27 13 6
90 75 6
24 7 2
87 97 10
30 20 7
48 2 4
69 29 8
6 78 2
40 79 6
68 34 5
10 65 4
73 58 0
40 44 5
50 1 2
41 57 0
47 52 0
38 50 8
24 8 6
1 6 3
82 32 1
60 38 1
76 16 8
5 18 7
55 11 6
68 38 2
34 74 6
63 23 7
65 66 7
100 62 3
71 52 1
7 9 3
24 40 6
58 25 5
48 52 4
79 93 0
86 4 1
28 52 9
28 54 10
22 95 10
57 100 6
100 99 9
86 72 0
62 3 7
82 23 0
36 70 7
60 95 9
79 49 4
48 88 1
13 59 1
14 30 0
51 61 6
44 96 6
57 3 8
7 81 2
88 85 5
41 62 9
20 82 8
47 7 1
11 48 7
28 73 5
40 7 4
85 35 4
21 85 7
83 87 8
85 13 10
24 23 8
61 51 8
52 56 0
44 90 10
83 17 9
92 82 5
53 22 5
72 4 10
58 76 7
44 64 9
41 58 3
12 30 8
30 35 6
10 55 3
4 12 2
6 30 4
72 36 1
96 27 7
52 84 1
35 18 10
89 62 4
35 47 1
95 52 9
62 29 7
35 63 6
16 19 9
28 98 9
65 50 7
74 3 1
80 91 2
20 68 0
61 55 2
70 34 10
90 36 5
15 50 2
28 11 9
16 83 3
53 75 1
61 51 10
76 88 9
14 73 5
51 8 4
79 36 2
86 53 7
26 76 8
86 51 6
40 12 8
13 83 2
96 25 1
13 37 6
74 78 0
74 59 2
34 75 3
54 36 3
88 42 5
44 52 7
83 21 10
34 93 5
55 51 0
57 15 0
48 85 10
100 94 9
7 87 1
87 100 10
55 79 7
50 92 8
32 57 8
14 87 4
42 10 3
38 63 9
51 45 2
60 45 5
20 96 5
41 27 4
31 23 3
87 29 8
80 56 8
77 47 0
98 43 10
95 59 0
81 64 6
89 60 10
17 38 2
1 62 8
70 35 10
80 72 10
60 71 3
46 88 3
15 73 1
52 74 1
78 78 1
86 5 6
1 53 3
68 30 4
75 72 8
47 26 8
93 90 2
98 34 1
64 85 0
80 7 6
85 25 7
33 98 0
99 22 10
29 21 7
65 2 7
54 55 10
30 34 8
12 92 7
89 68 9
62 83 8
50 69 0
72 32 0
74 98 0
35 88 5
4 83 5
62 19 3
20 84 1
10 24 0
90 34 2
63 64 10
80 3 3
38 72 8
87 14 10
60 96 6
50 76 8
90 76 1
95 7 2
41 11 4
24 38 0
32 92 10
75 8 1
50 43 4
67 72 1
14 42 9
28 2 0
75 62 4
60 12 7
35 8 9
95 44 3
98 72 5
55 55 2
88 41 9
73 16 7
23 61 3
96 57 0
12 20 4
75 71 3
13 99 3
71 48 6
61 97 10
50 42 6
84 49 0
25 11 7
48 39 0
91 71 5
92 73 3
83 49 10
3 67 2
43 48 4
66 88 8
25 68 2
95 90 9
13 83 2
44 11 7
61 21 2
41 99 10
15 18 0
82 32 5
34 20 6
5 55 0
54 78 8
61 52 10
80 99 7
48 87 3
23 52 7
1 34 5
21 27 3
78 83 2
95 47 8
83 51 10
16 44 10
25 19 9
34 72 4
90 25 0
18 59 2
55 24 6
17 16 9
53 86 9
31 15 10
70 45 10
23 44 5
59 95 3
36 38 8
20 41 3
20 49 5
4 36 8
83 38 8
10 28 8
36 44 9
21 97 7
68 76 2
7 60 8
18 40 4
39 71 9
62 98 2
6 42 5
52 42 0
14 61 10
63 77 1
63 10 4
32 37 10
87 52 6
14 16 3
43 64 10
24 42 7
39 57 9
24 36 3
16 13 9
69 95 3
16 15 4
12 88 4
97 45 5
44 34 9
27 20 7
27 76 6
41 78 1
11 13 1
67 23 9
63 48 4
2 8 3
16 49 8
58 1 3
55 84 5
1 97 8
77 43 9
30 99 7
87 59 0
35 96 10
32 71 7
24 92 0
10 67 6
90 46 2
35 76 0
97 89 3
88 93 6
42 59 6
39 79 10
93 47 8
8 38 1
59 42 6
13 81 4
9 75 10
61 3 1
41 33 9
61 61 5
78 20 6
48 3 10
8 81 7
46 54 4
96 68 1
61 61 1
54 65 10
23 54 5
57 81 9
72 95 10
18 35 8
93 84 7
13 81 9
95 54 4
58 68 1
68 6 4
8 28 9
48 97 9
69 56 6
48 32 9
83 28 0
23 93 9
91 9 10
2 23 1
63 99 1
60 97 9
5 81 5
87 9 3
32 90 7
12 55 6
40 3 5
57 22 10
47 12 8
57 16 10
100 51 8
54 62 4
78 36 4
30 19 0
86 80 10
80 53 2
94 3 8
43 72 6
67 86 10
87 70 10
99 27 5
53 87 2
81 55 3
87 29 9
28 100 3
45 12 8
71 65 1
56 42 0
44 98 7
62 15 8
72 75 6
40 42 3
74 84 9
67 96 4
70 100 6
33 93 5
76 32 6
18 57 0
94 1 10
26 41 0
35 82 0
63 31 10
1 23 5
81 21 10
26 81 10
10 91 2
59 33 8
13 92 8
95 93 1
41 53 1
3 17 2
20 72 7
25 57 3
81 33 7
69 52 2
37 93 4
11 23 8
28 52 5
49 33 5
42 100 5
85 15 2
91 97 0
64 11 3
65 81 10
49 35 2
52 50 3
70 7 8
64 13 1
98 12 3
76 68 0
62 78 4
25 27 10
18 3 0
31 37 2
95 84 1
94 99 6
99 47 9
26 73 1
63 67 6
61 46 8
77 88 2
16 12 10
26 75 7
87 73 5
83 29 10
68 74 0
100 5 0
92 56 6
23 22 10
37 87 0
21 50 8
93 50 7
47 64 0
20 8 8
81 87 7
32 79 10
44 29 9
64 17 7
37 70 6
34 89 7
71 89 5
21 81 5
33 87 8
87 57 6
5 94 5
45 63 6
55 32 2
23 87 9
46 33 9
16 37 8
10 40 8
98 14 4
35 78 6
50 38 7
88 45 4
61 39 0
56 18 0
28 55 2
45 43 7
77 70 5
97 43 5
66 16 10
73 29 4
54 26 5
91 94 2
34 75 6
42 15 7
100 76 1
9 32 0
87 64 5
85 56 2
41 34 8
76 82 3
46 26 2
26 75 4
84 3 3
40 39 1
90 42 10
32 9 8
98 33 3
42 8 4
49 32 10
26 59 6
87 27 8
56 19 0
35 71 9
92 27 10
40 26 6
73 67 2
6 64 10
76 6 10
70 5 2
77 27 9
97 77 10
63 74 6
63 69 3
22 88 0
61 52 2
23 38 1
85 5 10
40 4 1
44 52 8
47 77 5
2 44 8
23 12 6
69 32 0
52 74 7
55 52 10
48 12 6
56 98 10
53 88 8
35 62 8
9 23 3
1 7 7
18 63 3
10 37 3
16 66 2
16 48 0
89 73 1
96 57 3
76 1 8
82 71 2
42 1 1
59 61 5
59 72 5
81 87 8
47 100 6
56 99 8
23 39 6
15 69 9
84 15 0
54 62 6
89 2 6
85 77 1
33 67 0
2 68 5
14 40 3
61 21 2
2 49 8
86 27 0
37 34 7
52 21 5
92 48 5
53 65 6
91 41 5
55 76 4
42 99 5
85 12 6
21 73 10
1 100 4
53 85 6
51 20 5
38 34 1
77 21 3
50 93 2
54 38 2
89 75 5
64 50 9
20 38 3
34 6 8
97 77 1
1 73 7
69 6 10
55 47 5
20 75 4
16 62 7
31 86 1
63 33 2
52 73 7
47 86 3
42 50 4
32 65 2
17 92 5
15 48 10
8 72 2
84 54 5
94 25 3
43 11 7
66 18 9
69 66 3
39 43 1
20 83 6
80 67 4
27 78 8
6 6 10
47 21 3
50 31 2
74 5 3
99 63 1
44 42 1
30 33 8
100 39 4
63 59 1
18 40 3
68 98 6
98 24 2
87 30 3
64 83 8
46 7 0
91 17 4
16 77 10
30 12 8
39 51 1
33 22 4
7 98 9
71 99 4
60 97 0
49 36 7
57 25 10
5 80 6
92 14 9
28 49 9
81 95 10
25 31 9
8 36 8
83 57 10
25 9 9
57 34 0
94 96 0
99 41 5
15 14 6
20 49 3
49 93 8
44 76 1
89 54 4
65 60 3
14 35 0
89 13 0
2 56 9
27 33 10
90 29 4
94 41 5
58 21 8
14 74 8
65 32 8
52 89 0
13 93 4
66 55 2
10 12 5
89 53 8
18 31 4
65 31 3
57 43 4
1 7 6
57 40 5
55 38 1
34 90 7
77 44 10
97 45 3
82 52 6
4 22 2
98 89 5
8 87 2
57 34 8
9 5 10
49 76 4
49 3 7
62 89 9
25 1 5
14 26 9
99 88 9
86 51 8
75 44 7
80 50 9
70 66 10
14 54 9
74 10 2
26 5 0
82 26 2
63 40 5
42 60 2
3 23 2
53 43 2
7 48 5
85 38 6
75 56 9
71 29 0
27 28 3
16 26 3
29 1 7
51 42 0
23 68 3
83 62 3
46 15 0
66 26 1
61 51 9
94 6 8
5 13 0
23 70 9
46 8 5
33 16 3
63 33 7
89 88 6
47 79 8
5 76 10
16 75 0
17 50 9
42 19 9
69 6 2
13 49 1
39 3 3
73 20 2
75 38 3
59 22 2
29 36 7
26 46 8
46 55 7
25 93 3
72 54 10
21 40 3
91 75 3
36 36 9
27 99 1
70 27 8
18 79 3
12 65 7
25 1 1
9 62 1
61 93 0
10 31 6
44 14 5
60 77 9
18 96 10
81 92 5
90 37 7
87 48 2
28 90 2
90 24 10
8 78 4
71 80 0
67 100 0
50 3 5
37 33 5
36 1 1
89 72 2
64 38 4
96 100 1
8 68 3
39 98 5
68 31 9
80 22 9
49 46 3
93 4 0
10 10 8
28 95 1
57 87 9
8 91 3
35 9 4
99 54 0
11 65 4
100 32 0
27 55 8
57 57 0
86 45 10
2 16 0
82 81 7
80 16 3
59 12 3
53 42 5
84 72 9
28 53 2
78 14 2
25 27 6
24 31 9
58 52 4
58 52 2
25 11 8
20 17 4
40 75 5
39 94 1
36 1 1
75 61 1
60 8 5
27 43 8
64 69 9
81 62 10
71 5 3
47 89 0
4 81 4
85 62 2
18 15 10
68 100 1
82 58 5
9 83 1
98 12 1
20 45 10
48 30 6
92 5 4
84 77 4
90 16 8
72 69 5
38 66 7
5 31 10
16 28 7
82 48 5
91 69 5
67 63 10
71 93 9
26 27 5
48 17 3
2 6 10
2 48 1
48 2 0
21 39 3
57 16 0
95 12 8
72 66 7
16 70 5
31 100 2
57 23 6
47 87 5
81 98 7
33 6 8
58 23 5
92 53 5
53 96 6
71 3 5
95 46 9
63 72 3
51 19 9
67 69 6
47 56 6
24 15 6
34 59 2
83 41 6
48 80 5
64 60 1
82 66 5
37 83 9
84 77 9
60 28 0
63 48 9
26 40 5
8 4 1
24 42 6
10 55 9
37 100 4
28 83 10
69 68 4
48 47 0
10 91 4
64 65 0
69 56 3
21 92 0
80 75 10
18 68 6
58 94 5
50 99 0
51 47 3
13 33 1
59 59 2
61 37 9
15 52 0
61 43 4
58 38 9
10 95 9
92 95 10
72 60 0
13 81 10
55 19 3
3 74 2
31 32 2
86 97 2
20 80 8
57 29 3
85 93 1
54 29 8
97 75 3
60 35 9
1 98 7
28 53 10
77 89 10
10 25 1
71 86 6
55 87 5
2 1 8
94 34 7
29 10 8
49 11 7
89 73 9
89 38 10
34 16 2
84 67 1
41 99 2
29 32 1
39 54 9
29 48 7
85 51 9
13 66 9
97 27 4
75 98 2
4 67 4
5 63 3
67 4 6
91 29 10
62 39 3
14 4 9
31 23 8
62 9 9
43 93 2
16 93 3
16 92 1
52 86 0
24 83 3
56 90 3
82 52 4
72 92 4
22 77 8
30 97 10
6 93 6
52 89 6
73 95 6
18 42 1
81 36 8
86 1 8
79 14 5
70 32 2
62 22 3
71 13 8
62 12 3
21 55 6
66 10 1
33 71 4
48 5 9
11 43 10
99 98 2
91 20 4
97 88 6
95 86 9
18 27 0
79 89 8
22 63 8
84 41 0
27 19 10
77 55 3
99 33 9
33 8 9
99 93 9
25 77 0
55 99 8
83 69 2
36 44 7
4 92 6
80 10 4
34 1 6
71 22 1
38 19 2
43 11 0
71 33 2
75 80 4
27 4 7
97 21 4
60 11 8
62 86 0
92 8 7
40 15 3
36 40 8
46 97 2
69 34 8
81 100 8
46 77 5
70 47 0
20 70 7
7 60 3
80 60 2
1 47 4
2 24 9
36 86 8
8 28 1
62 67 6
2 78 10
38 33 10
6 28 8
71 54 4
17 68 1
86 59 2
13 8 6
9 58 10
73 2 7
34 95 2
37 28 8
20 49 3
86 47 10
26 86 6
21 93 4
51 17 7
77 14 5
15 51 10
97 84 0
98 48 9
48 16 1
33 96 9
47 95 4
48 57 5
34 31 7
39 78 9
25 96 5
70 60 7
48 15 8
94 75 8
33 46 2
12 83 10
73 55 5
78 57 4
63 8 1
46 67 6
62 23 9
26 44 5
43 91 6
54 40 7
51 86 2
24 26 0
5 84 7
33 39 4
71 99 1
68 81 6
49 85 3
99 88 9
30 19 5
47 53 3
65 32 1
58 3 9
45 33 6
96 4 6
56 53 4
2 16 7
79 18 7
58 49 9
98 65 2
24 95 10
84 68 8
27 100 3
76 6 5
24 80 5
90 14 2
17 6 6
18 1 10
37 64 0
100 85 10
16 30 7
2 51 1
55 52 9
3 48 9
81 30 0
53 57 5
56 64 6
74 52 7
31 92 9
93 38 6
9 88 5
56 59 4
5 44 10
41 44 3
80 86 6
64 12 6
46 65 2
1 5 9
50 56 4
87 20 7
16 88 9
11 8 7
7 1 5
14 10 10
74 22 10
8 9 4
97 58 4
77 85 0
16 84 0
36 94 1
94 79 5
42 13 5
91 33 3
92 76 6
83 22 3
28 98 7
78 31 0
6 97 8
98 67 6
48 18 6
11 94 10
60 14 1
24 21 10
98 44 7
78 11 7
73 97 8
23 10 7
99 89 0
97 100 3
25 6 8
93 37 9
12 92 2
100 59 6
74 93 2
37 1 8
92 58 4
41 5 8
49 70 8
25 95 8
68 80 5
94 88 1
62 23 3
11 70 3
80 56 2
63 86 4
89 4 6
21 60 4
42 33 10
35 56 6
4 6 10
66 28 1
76 26 6
66 48 0
8 97 9
3 26 5
42 10 6
52 86 0
89 89 2
83 96 7
72 96 3
72 70 0
62 69 6
19 82 6
19 65 2
57 19 4
73 77 5
17 6 2
37 89 0
83 75 6
16 25 4
91 79 8
26 3 6
75 80 4
21 3 3
97 92 6
36 29 3
29 62 0
11 39 2
72 79 10
40 33 3
27 75 3
64 1 7
62 86 0
20 93 8
40 23 0
49 90 0
98 87 8
70 85 2
86 75 0
41 27 6
21 26 7
76 86 10
18 28 7
7 83 8
54 63 5
3 85 4
93 68 7
14 94 1
98 94 1
85 94 2
50 55 8
71 52 3
18 33 10
52 35 5
46 5 10
27 84 8
76 55 4
24 55 6
40 42 3
57 14 0
79 57 2
97 30 5
93 85 10
67 8 5
73 31 10
79 63 9
94 34 10
34 80 7
86 34 8
19 88 0
71 27 1
17 49 6
11 51 10
40 85 3
70 66 1
74 8 5
79 71 6
6 61 7
67 28 8
6 61 5
12 62 2
59 95 5
57 99 6
59 75 1
85 91 1
63 12 0
27 48 10
8 77 10
14 96 1
38 39 1
36 82 9
51 47 6
11 32 9
82 66 5
54 9 8
67 77 5
27 62 10
37 57 10
57 76 5
96 12 5
4 23 5
71 68 10
86 8 4
42 9 8
2 88 8
97 79 9
96 17 5
96 2 3
57 84 0
80 59 5
25 41 6
68 5 1
11 61 1
44 12 7
88 50 3
78 86 4
39 9 3
23 12 8
3 60 8
8 47 10
5 8 6
77 82 10
57 26 7
28 28 5
54 42 6
72 91 7
76 84 2
24 100 9
48 72 8
35 33 7
8 51 6
91 12 0
5 89 10
3 34 5
54 54 9
57 25 0
37 19 7
18 85 4
2 3 0
6 83 1
15 97 0
53 72 1
24 42 4
49 66 7
79 17 6
35 2 4
93 27 10
25 80 8
31 20 10
96 40 8
13 77 1
87 38 8
59 99 1
30 51 8
80 92 9
7 96 5
4 20 5
97 74 8
78 80 1
92 26 4
83 45 7
69 87 5
8 13 3
72 80 3
2 32 8
22 8 0
79 74 6
5 7 5
28 100 8
93 61 6
2 21 2
10 65 3
18 60 3
27 59 0
19 71 1
29 31 0
70 2 3
43 73 6
60 54 4
86 41 9
59 42 9
65 14 6
13 86 1
78 59 5
37 18 1
63 16 9
9 20 5
49 27 9
76 18 1
35 1 3
89 16 9
7 30 7
26 37 4
53 16 6
81 36 7
19 49 7
82 15 2
81 79 9
39 81 8
61 32 9
7 48 2
9 24 7
92 21 10
54 84 9
82 1 6
27 77 8
55 6 0
53 49 10
27 41 4
29 86 2
64 45 8
60 67 5
38 3 0
45 49 7
24 89 9
9 43 8
47 50 3
29 84 3
97 54 4
81 30 0
49 98 3
42 57 4
80 21 3
60 32 7
25 5 8
97 75 0
11 85 9
83 24 10
63 56 5
1 12 3
54 58 6
82 87 9
85 5 6
69 99 3
27 2 4
35 12 10
94 4 0
6 50 2
85 43 4
82 50 10
97 61 9
86 46 8
65 73 7
22 29 7
53 13 0
40 15 8
70 19 8
2 86 7
1 75 7
72 98 1
54 80 3
92 16 10
10 81 0
43 45 2
28 33 10
54 87 2
10 94 0
60 14 7
100 65 6
7 7 8
20 36 10
38 55 1
8 63 8
50 51 9
76 47 7
75 31 6
6 14 10
72 76 6
41 55 10
27 9 4
55 46 10
91 54 6
65 6 5
51 84 3
41 79 8
18 17 9
13 39 7
52 68 3
100 77 7
80 14 4
12 89 10
59 89 1
20 11 10
68 19 6
55 51 7
41 5 7
17 46 0
11 49 6
48 6 1
70 30 8
15 72 1
49 25 9
47 12 8
58 2 10
84 8 8
55 21 7
57 26 10
35 46 1
43 42 3
95 12 7
9 90 10
73 80 5
71 35 3
22 3 9
19 10 7
3 62 2
26 88 9
94 79 1
59 81 1
9 35 6
100 32 9
13 2 9
3 65 10
78 53 5
62 82 7
20 85 9
2 33 4
5 92 5
21 79 10
3 56 10
69 59 3
96 55 4
84 13 5
1 15 5
23 66 10
68 2 5
26 21 3
74 30 7
95 42 0
80 86 8
75 66 0
33 68 3
42 7 3
72 93 3
89 18 3
58 32 1
36 30 5
92 60 10
51 96 10
19 70 7
29 17 7
15 22 8
50 93 3
19 4 8
44 24 9
11 54 8
40 77 0
38 38 9
77 54 2
27 3 9
35 73 9
36 46 2
37 89 4
18 63 5
10 2 2
59 95 3
89 35 2
34 1 5
73 3 0
99 72 9
6 41 2
82 90 9
90 75 7
79 47 10
76 51 2
91 71 10
64 14 0
38 62 9
46 65 6
67 65 9
52 33 8
52 21 5
43 14 4
26 88 0
84 96 8
13 52 6
93 83 3
42 47 9
6 28 0
63 43 10
3 42 6
36 86 3
78 68 9
72 15 2
72 48 4
20 86 7
66 42 4
40 2 5
22 49 4
34 31 2
82 89 1
59 12 3
55 36 9
85 68 8
95 97 2
89 91 5
69 70 10
50 54 9
14 40 4
19 92 6
49 22 7
21 88 1
13 2 3
60 81 8
89 92 2
36 51 2
96 45 6
37 61 5
38 56 5
27 70 1
81 73 6
19 63 1
12 86 4
62 25 2
75 17 6
76 28 10
43 100 4
91 84 0
99 7 9
38 58 0
13 80 4
17 90 2
65 11 8
75 58 7
24 25 8
38 39 0
57 64 7
12 41 2
34 68 3
36 26 7
19 39 2
79 91 10
12 43 8
48 70 10
79 4 0
4 31 10
41 53 7
1 41 10
88 76 8
98 42 4
17 48 7
10 5 0
6 54 1
33 5 6
92 90 4
98 55 7
6 61 4
85 47 9
1 58 6
88 41 1
93 76 4
93 16 0
95 58 7
82 54 7
42 84 7
11 79 0
75 62 4
1 20 1
62 9 6
51 49 4
13 30 8
21 75 9
89 88 2
30 47 3
38 48 1
39 56 5
73 44 4
62 15 0
43 30 3
27 88 3
92 16 7
70 96 5
92 51 6
83 62 7
34 30 10
95 20 1
21 70 6
39 47 3
3 34 6
3 44 0
21 27 1
48 49 4
94 52 0
52 79 1
1 19 8
38 44 9
88 13 10
64 9 9
80 73 10
86 43 4
36 66 10
3 27 0
63 64 6
87 52 10
49 91 8
46 97 1
48 39 9
28 82 7
76 56 6
60 92 3
21 94 2
78 77 0
87 86 2
22 81 9
71 77 6
50 48 10
40 79 3
71 8 9
79 82 8
76 37 10
39 13 4
35 78 2
78 91 0
14 58 4
21 35 0
65 56 10
15 12 6
88 15 2
69 6 10
10 22 9
66 39 7
82 98 1
36 78 10
35 27 0
77 74 5
8 88 4
71 21 9
86 96 2
5 37 3
48 39 8
34 10 0
18 32 2
18 48 6
97 1 5
57 39 1
49 71 1
97 90 2
32 95 4
40 99 4
97 28 1
7 16 0
55 19 4
18 88 10
72 50 3
1 71 6
46 40 5
63 98 7
33 35 8
45 55 10
20 62 2
7 94 1
70 70 2
76 42 3
21 57 6
13 77 0
92 63 2
68 45 6
40 52 0
68 16 9
7 18 9
88 40 3
31 53 3
10 85 6
87 76 4
67 31 2
62 46 9
49 3 8
38 90 3
70 88 0
49 58 8
65 56 7
26 11 8
82 94 6
78 53 7
90 38 8
14 50 4
69 45 1
76 32 0
93 40 9
79 36 3
87 72 7
92 95 8
35 52 5
1 10 10
46 97 6
32 63 5
27 71 9
18 8 5
2 69 5
30 76 6
62 48 4
25 13 7
42 72 10
85 10 2
44 31 1
30 98 3
23 24 7
60 82 3
6 81 1
66 86 0
96 28 4
77 64 3
91 69 6
51 73 5
1 84 8
98 96 10
13 36 7
90 19 5
59 43 10
82 51 6
35 35 5
68 60 3
29 18 1
68 59 9
52 27 3
93 23 3
73 90 10
27 4 4
80 72 2
4 90 1
32 89 3
97 84 5
41 59 0
68 51 6
97 6 7
23 61 10
59 34 5
11 8 4
15 99 3
26 53 4
2 14 5
37 86 5
39 26 1
17 52 5
99 28 10
3 27 8
77 95 8
1 30 2
51 87 1
8 65 5
4 92 0
42 27 3
47 57 3
60 62 7
70 51 5
3 93 3
23 39 3
57 84 4
8 55 8
63 42 8
42 80 9
53 42 6
26 26 9
15 44 6
2 53 9
1 26 9
53 63 3
39 37 0
73 89 7
30 86 1
74 73 4
47 79 1
14 96 7
27 75 1
2 37 9
34 78 10
43 76 6
32 16 2
7 1 8
99 70 7
19 72 2
17 37 9
8 56 10
92 66 8
76 24 4
72 75 7
88 14 9
62 43 8
56 95 6
38 90 4
30 50 0
45 33 10
26 74 0
69 14 0
61 27 1
89 66 5
61 72 2
34 12 7
10 4 4
83 78 9
72 80 0
78 12 6
36 40 3
90 59 8
73 15 7
100 55 4
50 31 9
28 4 5
5 15 7
79 44 7
76 81 2
96 37 2
9 81 2
4 43 7
92 6 2
50 77 8
11 49 0
2 66 0
56 45 7
81 85 9
55 78 5
91 6 7
11 1 4
27 72 0
40 19 2
100 29 5
99 40 0
65 52 10
68 2 7
1 21 7
80 62 7
13 67 7
39 4 6
43 15 4
2 68 5
31 44 5
7 99 9
57 63 2
37 3 5
14 65 10
63 42 0
87 88 6
31 22 5
8 7 6
56 97 6
37 92 0
62 68 5
48 11 7
75 6 7
24 37 9
36 23 6
26 91 8
10 14 1
61 45 9
48 2 10
9 87 3
9 24 4
51 58 9
42 97 10
7 69 9
12 10 0
18 74 7
52 45 0
74 26 7
36 55 4
56 45 10
62 64 2
48 17 9
56 1 0
33 79 8
17 2 2
55 13 7
11 12 3
87 82 2
79 8 7
91 60 8
40 87 8
47 14 10
12 74 7
3 68 2
76 76 0
39 87 2
23 89 3
74 13 4
35 34 1
36 73 7
83 84 0
15 85 8
99 14 8
31 27 6
43 42 5
67 90 1
6 14 2
94 89 1
55 47 4
9 16 3
47 67 1
38 15 0
98 32 8
13 13 9
98 40 6
61 30 5
56 41 1
5 93 0
48 75 4
23 43 1
21 13 0
100 94 10
10 8 9
6 14 4
98 24 6
7 98 10
8 87 0
74 26 4
6 98 3
3 59 3
2 26 9
27 13 10
5 75 0
93 51 0
43 54 10
62 91 3
6 38 4
63 74 5
36 81 1
46 68 2
80 9 7
25 54 5
23 67 2
91 25 1
57 99 6
90 14 8
100 84 5
12 18 7
39 91 1
37 100 0
94 43 6
88 82 10
48 68 9
32 17 1
90 92 10
87 75 7
58 19 10
11 1 3
72 30 10
24 65 0
54 42 6
73 64 0
14 75 0
3 94 9
29 95 0
76 71 4
71 43 0
14 46 5
59 53 7
60 4 7
68 7 4
51 99 6
95 82 9
19 98 0
12 78 2
97 12 10
53 39 9
3 98 4
5 65 0
97 93 8
80 80 4
62 95 7
46 68 4
82 58 1
14 45 9
90 97 7
7 34 6
55 97 4
28 8 2
95 88 9
6 54 8
20 99 0
2 24 8
6 90 5
3 77 10
27 70 0
50 62 4
93 97 0
71 12 2
89 73 5
15 70 7
61 31 4
38 33 2
95 43 5
36 31 4
45 73 9
60 61 10
35 83 3
62 3 8
94 50 6
4 54 4
47 13 9
98 73 3
52 92 7
43 2 5
94 90 1
32 6 5
86 57 3
53 25 7
80 82 8
69 8 2
77 79 1
93 3 3
63 20 8
67 42 8
78 24 2
96 17 7
98 60 5
61 73 9
80 24 7
80 40 9
38 77 6
60 61 10
83 12 5
9 61 6
20 85 9
83 55 0
100 85 9
85 27 10
14 3 7
57 98 0
24 46 7
67 76 0
78 22 5
75 53 1
12 58 6
51 48 4
63 46 3
6 91 9
20 41 4
95 50 0
2 98 10
100 54 1
61 84 1
64 77 0
54 12 2
8 61 5
94 29 7
65 44 5
80 7 5
33 49 8
71 90 6
82 6 3
52 12 6
35 23 2
1 39 1
64 65 3
94 58 4
71 6 10
7 46 10
28 7 10
55 31 2
76 66 5
26 70 10
94 33 8
34 17 6
45 86 3
23 53 8
19 10 5
19 13 4
62 14 6
87 100 10
19 13 9
11 64 5
14 80 0
65 4 2
94 45 10
40 47 9
90 25 5
35 90 10
66 46 10
49 87 7
62 92 5
7 7 9
71 11 1
9 42 5
27 31 10
12 95 0
73 35 7
10 12 5
46 35 9
33 99 7
22 53 10
32 39 9
99 31 3
73 86 5
80 6 1
32 74 9
79 37 6
52 46 10
2 91 8
3 57 6
81 87 5
75 27 1
8 93 7
69 34 3
98 14 0
21 7 0
2 98 0
34 51 2
88 39 4
46 7 8
100 1 0
34 34 0
66 46 6
40 30 5
27 96 3
32 78 2
21 22 10
13 36 5
37 16 0
31 43 1
49 88 1
35 16 3
57 48 3
27 80 7
20 31 6
20 85 1
89 52 0
9 65 5
94 95 5
21 49 5
44 93 7
97 93 4
25 59 5
12 86 4
50 36 9
43 85 5
28 6 0
45 41 0
47 33 9
90 41 9
69 10 5
15 86 2
27 69 0
92 79 4
93 20 7
66 76 4
10 29 2
43 68 9
55 75 9
81 70 5
96 96 0
66 70 7
49 85 7
32 55 0
7 4 0
25 76 5
29 10 10
25 22 6
75 58 1
19 38 4
37 64 2
5 38 5
38 49 5
77 1 0
16 94 4
35 73 0
87 17 4
64 2 2
8 35 1
61 15 8
17 75 0
61 10 9
36 41 0
53 81 4
88 21 10
33 3 7
62 55 8
64 53 2
80 31 3
21 69 10
31 34 3
14 30 7
12 55 9
63 9 6
85 45 2
97 25 9
27 42 10
19 16 7
55 2 8
99 96 5
8 42 6
27 60 6
100 56 5
51 85 4
13 11 9
30 93 8
39 96 9
57 75 3
72 22 9
64 100 10
93 25 8
66 78 2
85 78 0
28 37 0
89 95 9
30 26 7
78 98 7
73 66 6
14 38 9
59 58 7
16 73 9
74 34 3
29 65 1
20 24 1
54 42 0
22 51 8
70 75 3
56 12 0
29 88 1
18 81 10
21 95 10
41 75 10
4 6 9
26 31 7
53 25 7
41 67 9
65 89 8
74 64 0
66 93 4
58 100 9
7 36 7
5 63 0
31 55 9
59 79 4
50 34 4
1 78 9
19 77 5
68 40 3
8 40 3
87 25 3
77 7 5
7 51 7
34 69 9
87 70 5
24 66 9
58 95 4
34 65 10
26 83 7
12 70 2
93 5 2
8 72 0
73 79 3
23 43 0
81 57 5
66 25 5
8 68 3
54 21 6
18 20 4
37 24 6
37 50 2
72 66 10
33 69 6
59 97 3
49 40 0
86 27 10
1 51 8
68 20 3
78 64 9
42 94 9
61 49 6
66 41 9
42 57 2
61 50 4
84 85 0
49 83 4
88 52 10
63 39 7
42 71 8
86 39 10
26 69 8
91 30 0
85 70 10
75 28 5
41 49 7
61 30 0
57 7 3
3 32 2
71 87 2
64 62 2
100 39 10
61 45 1
92 58 9
1 53 0
73 62 1
67 42 0
8 21 6
3 97 8
90 27 0
12 23 6
68 97 10
90 54 3
74 77 8
41 4 5
58 29 6
42 91 2
29 4 5
58 98 9
9 74 10
42 55 4
19 59 10
49 24 7
84 84 8
12 70 6
37 60 10
50 57 0
88 30 0
33 53 10
12 78 8
20 40 9
19 18 6
78 9 0
28 83 7
2 51 10
96 74 10
72 62 5
18 3 8
44 69 3
100 71 5
22 52 10
38 8 5
31 40 4
83 22 3
46 48 5
58 37 4
39 47 3
75 27 0
75 26 0
17 44 10
84 12 0
27 49 7
40 36 2
70 85 0
58 1 5
56 67 2
75 90 8
31 47 1
38 62 3
100 20 7
82 47 10
53 60 7
1 43 7
18 37 5
4 95 6
58 69 0
21 67 8
25 76 0
52 42 2
85 54 8
4 74 7
14 91 10
42 77 7
6 50 8
15 36 6
58 46 8
59 10 4
70 93 4
84 68 8
78 4 4
27 45 2
75 61 4
9 18 0
100 14 8
40 32 7
99 77 1
83 100 6
96 18 3
67 20 9
72 87 0
54 21 5
60 72 1
80 58 4
4 60 2
63 87 2
60 4 3
43 69 1
97 73 10
98 56 4
15 50 6
45 74 0
98 61 1
93 40 6
10 57 3
55 31 8
60 29 9
12 35 3
70 88 3
68 82 10
75 25 8
48 48 6
82 89 8
91 31 4
26 78 8
17 89 10
49 33 7
22 73 5
34 33 0
11 26 2
14 64 9
13 13 2
30 48 6
45 84 7
15 16 6
65 21 5
6 59 0
55 68 3
22 79 9
79 81 4
89 48 2
57 43 10
83 20 2
9 8 7
67 88 6
61 65 10
64 1 0
4 65 9
21 19 8
59 60 7
20 23 8
94 29 4
56 78 4
12 48 3
28 91 1
40 73 10
2 37 2
82 21 9
12 27 4
40 2 6
41 29 6
49 26 0
3 12 2
98 53 5
63 84 5
50 70 3
38 43 8
39 80 4
18 23 0
55 58 5
71 70 7
72 11 3
27 79 4
55 33 7
49 3 8
57 53 10
58 72 6
54 48 9
5 51 6
59 17 5
37 12 4
58 1 9
59 26 2
20 28 6
74 91 3
13 96 10
85 3 10
22 84 4
48 21 6
5 46 9
48 25 7
27 86 1
62 75 4
8 65 5
18 60 0
67 26 2
82 77 5
30 70 5
28 66 9
45 95 7
80 83 7
90 46 1
9 35 4
51 1 4
58 11 3
68 56 7
38 51 3
2 86 2
39 3 5
81 23 8
84 82 0
26 87 2
83 79 2
34 37 10
73 61 0
59 54 7
29 53 4
12 19 7
68 11 1
33 56 4
45 46 10
49 3 3
86 43 5
74 69 1
86 49 5
9 2 7
21 20 9
11 96 4
82 25 8
51 32 3
52 33 7
31 79 8
74 29 0
45 81 10
12 56 1
73 20 1
4 28 2
29 13 0
47 61 0
46 80 2
69 60 3
35 92 6
7 3 8
93 40 4
56 19 2
22 36 4
19 8 7
60 9 0
69 19 3
83 44 2
95 94 6
74 31 6
12 78 5
69 71 7
41 42 3
87 58 4
46 3 9
96 93 8
70 40 8
58 14 9
79 84 3
65 88 3
7 62 2
33 26 4
28 99 10
1 33 9
37 19 6
6 83 5
34 100 1
95 76 10
100 86 0
68 57 9
39 25 7
41 18 3
17 73 1
90 94 2
15 86 5
58 82 1
23 97 9
80 58 5
28 79 6
94 66 6
67 76 1
80 50 6
37 62 2
56 84 10
21 32 3
81 16 4
19 74 8
68 87 10
79 35 10
58 57 3
23 46 7
52 45 4
21 15 1
48 98 6
42 43 1
89 73 0
85 62 10
76 81 0
19 46 7
70 64 10
90 18 4
82 83 4
21 76 2
28 10 3
6 82 10
4 29 10
73 6 4
8 25 8
33 85 10
45 14 9
37 15 7
61 29 7
9 78 0
73 72 6
91 69 1
33 23 7
46 36 10
12 72 3
42 38 7
100 55 7
11 44 4
65 92 1
14 78 3
23 27 1
7 54 8
70 95 4
57 100 0
23 16 7
87 95 1
76 80 10
4 73 10
23 100 4
24 46 0
44 34 9
47 18 1
69 53 0
53 81 10
50 64 10
70 93 6
26 61 10
93 60 1
84 49 3
72 24 4
51 27 3
72 28 9
4 29 5
63 100 6
58 95 2
20 80 3
80 10 6
76 78 8
92 26 8
48 25 10
93 24 0
22 97 8
15 15 6
60 59 1
97 16 5
6 96 9
89 26 3
42 97 10
23 68 9
56 48 0
43 28 7
51 30 4
52 72 10
33 51 7
50 74 9
73 7 5
81 6 4
56 55 10
62 4 7
57 98 6
44 36 6
84 81 4
93 20 2
85 10 8
43 85 9
5 79 2
82 1 8
61 87 5
67 8 10
77 70 3
17 59 10
21 44 3
6 39 10
4 24 3
63 31 0
60 57 1
5 8 0
49 26 2
29 59 4
100 100 9
6 26 2
78 69 9
76 54 7
47 7 8
17 19 2
76 25 10
73 57 10
93 35 3
71 37 5
34 71 9
83 54 6
80 66 1
67 88 4
32 93 10
98 10 6
59 80 5
58 10 7
42 38 0
60 8 0
1 40 1
15 23 5
42 18 2
77 64 5
8 33 2
36 36 3
25 95 7
6 37 0
38 10 0
38 73 3
60 14 1
99 39 7
16 85 10
69 49 5
40 10 7
6 25 10
60 65 5
80 14 10
32 28 1
77 54 9
80 55 8
84 70 8
50 79 1
1 90 3
1 9 0
80 8 3
31 71 4
60 72 1
2 89 2
83 80 3
22 10 7
38 38 9
14 90 6
90 77 3
27 70 7
58 88 1
68 61 6
22 72 4
24 79 6
39 89 4
68 86 9
69 80 3
55 52 2
68 70 2
77 34 0
33 40 6
61 41 5
27 7 6
69 40 3
60 80 4
89 11 5
16 69 0
64 61 4
47 27 1
66 57 5
35 62 7
58 100 1
97 36 7
38 78 7
66 86 10
21 75 7
74 78 7
79 81 2
95 63 7
4 26 9
39 72 7
23 6 9
44 97 1
100 94 6
82 84 10
84 44 3
80 84 7
32 39 6
47 15 6
62 26 3
24 26 2
1 46 6
80 10 2
15 41 3
49 85 5
7 96 5
33 77 0
12 70 7
9 85 10
33 14 1
58 49 10
50 65 6
55 20 10
72 21 2
28 10 7
67 26 10
54 48 5
48 44 7
20 5 2
79 29 3
24 29 4
91 1 9
23 87 9
42 73 4
1 97 5
9 74 4
37 56 1
14 97 5
79 96 1
9 25 0
6 13 1
56 31 4
72 51 0
4 32 0
72 38 7
99 81 7
78 84 2
4 8 8
60 53 0
19 52 2
73 24 2
75 81 10
67 100 10
49 37 3
58 62 4
62 81 8
50 70 1
24 24 8
4 26 2
52 68 3
74 20 7
17 98 5
36 70 7
15 57 7
74 93 8
87 38 6
11 36 3
21 37 10
3 44 4
7 69 9
11 85 0
66 10 7
12 57 6
35 69 6
40 64 1
6 19 2
97 23 2
13 84 5
25 6 5
29 13 10
37 3 6
73 41 5
3 81 2
40 5 2
95 29 3
25 12 3
25 80 1
72 93 0
67 65 1
66 11 4
58 34 3
28 77 10
71 81 4
46 76 5
81 10 5
75 39 5
84 12 1
87 44 6
57 22 7
29 36 9
64 5 7
57 34 6
37 57 5
73 7 10
4 43 5
41 67 1
79 85 9
64 82 10
68 99 1
5 68 5
96 43 10
20 89 10
49 90 4
92 67 0
25 13 7
11 63 5
78 72 2
84 75 9
9 48 6
94 73 0
83 3 3
30 66 4
33 5 10
57 76 1
76 40 3
79 46 4
17 98 10
38 62 1
38 26 3
36 77 2
96 7 2
73 13 9
100 84 6
78 61 10
62 34 3
74 94 10
39 80 8
97 7 8
18 11 0
22 54 4
76 27 8
82 77 6
33 58 5
53 55 10
90 38 3
10 93 7
60 18 6
11 54 1
97 100 3
70 65 1
34 11 7
35 59 8
75 38 9
81 19 5
27 39 6
37 31 9
2 22 8
68 84 3
36 75 0
15 8 5
64 73 4
86 24 4
54 78 1
22 58 0
79 84 7
71 16 1
95 19 4
70 45 6
87 17 7
36 37 2
67 30 5
45 34 4
41 100 9
54 33 3
47 34 6
89 81 9
61 70 0
16 36 9
20 14 2
72 83 1
4 13 3
26 61 0
30 30 4
57 55 4
76 18 9
2 83 4
24 73 1
78 55 5
88 90 2
54 10 10
79 66 8
51 92 1
70 21 4
3 89 10
71 49 10
96 4 5
94 61 5
98 77 1
36 71 5
25 60 9
23 73 7
76 80 1
82 23 3
88 31 6
60 19 4
31 58 3
22 94 6
88 6 6
6 45 7
10 3 1
36 62 10
3 73 4
4 14 10
88 71 9
55 81 8
38 90 5
52 49 7
13 22 7
51 74 7
6 55 8
4 87 8
45 14 0
72 67 10
14 94 5
23 28 8
7 76 1
3 93 4
43 17 9
71 43 7
84 88 2
57 42 7
43 46 10
70 22 8
71 29 8
37 5 1
33 15 5
56 12 9
54 74 5
2 79 5
36 44 9
12 34 8
92 43 6
27 12 5
75 36 2
76 46 9
67 53 10
42 29 0
58 79 7
19 56 6
11 100 7
100 86 2
24 40 6
92 31 0
56 72 1
44 30 9
62 85 2
25 10 3
9 35 0
91 81 8
50 96 7
69 47 1
65 67 3
17 78 4
71 39 3
76 91 4
55 39 7
50 89 0
74 20 9
97 27 10
66 33 6
36 5 1
34 78 8
91 10 10
16 90 3
88 44 7
29 69 2
23 60 9
70 52 10
7 26 2
27 26 1
54 3 9
32 72 7
48 9 10
57 2 7
80 7 6
59 15 1
39 32 2
62 36 8
49 50 5
76 71 5
5 31 9
75 75 7
86 30 10
51 16 4
30 13 8
22 98 10
1 51 5
30 6 1
2 9 10
57 10 0
91 29 1
1 4 10
17 63 6
9 18 9
25 80 1
1 69 5
5 50 3
16 6 6
3 58 1
76 36 1
42 3 9
69 88 7
26 21 0
77 34 8
34 94 7
33 6 2
98 65 9
4 61 5
91 38 1
71 69 7
79 25 2
76 98 5
71 99 5
29 46 6
22 49 1
54 28 0
26 2 9
68 54 2
93 69 9
44 16 0
75 89 7
80 49 6
96 44 7
12 47 10
60 72 0
96 63 5
33 35 9
35 47 4
51 82 4
21 20 0
36 12 6
46 94 1
65 63 4
23 6 8
66 81 2
29 78 7
28 37 6
5 92 7
53 69 4
95 88 10
29 61 10
18 90 3
54 50 8
81 97 8
48 29 1
37 70 10
16 43 0
26 51 8
28 88 0
52 5 2
58 93 10
60 75 5
73 89 0
60 37 1
87 10 2
50 51 0
38 33 1
5 82 8
34 94 2
84 49 10
74 11 3
76 90 4
63 20 7
15 22 5
13 37 1
31 40 2
19 42 8
90 65 8
23 67 2
43 60 9
54 10 3
94 71 10
19 2 1
80 17 8
5 61 7
72 91 5
90 1 3
19 77 3
71 60 6
94 47 4
22 12 4
70 1 4
89 72 9
5 6 5
28 99 8
17 28 0
35 31 5
13 26 6
42 56 6
15 38 7
10 73 8
97 73 9
19 91 6
9 25 10
15 54 5
78 82 10
32 61 5
14 84 8
11 68 5
30 29 1
82 30 1
24 14 5
91 97 0
3 88 6
68 58 1
24 33 5
29 72 3
72 23 0
15 43 9
77 82 7
77 30 3
33 22 9
80 91 0
40 56 0
9 55 5
71 44 1
68 89 8
56 39 9
65 27 6
15 27 8
46 78 4
73 60 2
9 24 9
23 52 4
81 15 0
33 93 0
56 7 2
59 47 10
77 5 5
81 44 1
84 20 8
42 37 0
18 96 5
32 56 3
30 8 9
82 13 7
87 65 7
5 28 4
90 10 3
37 58 9
92 38 1
18 40 1
5 98 1
48 49 5
3 1 6
47 8 10
6 31 6
92 60 5
13 41 4
46 97 9
31 91 6
59 75 1
54 9 8
21 65 1
21 9 3
2 56 4
28 54 2
16 75 1
36 78 4
56 78 3
11 17 6
20 7 6
23 91 5
89 82 2
30 52 2
18 83 1
62 39 2
41 60 2
81 56 5
100 20 3
71 39 8
36 75 10
44 67 8
25 4 4
34 22 8
82 91 7
80 95 10
25 47 2
12 52 5
11 53 3
59 89 7
76 6 4
74 65 10
33 90 6
58 11 7
38 1 8
28 50 3
77 30 4
18 20 2
28 92 6
62 9 3
82 7 7
99 94 2
37 85 5
24 60 7
78 88 0
9 27 10
72 46 6
37 3 9
46 34 3
50 26 10
53 45 1
91 2 2
50 37 9
80 99 2
34 28 7
3 68 5
75 31 1
19 70 5
34 53 7
88 48 2
28 18 10
37 20 7
31 43 10
8 90 8
20 13 4
55 92 8
35 17 8
90 48 5
27 7 10
30 34 5
95 17 9
41 71 3
71 77 2
43 89 10
66 85 9
70 25 2
17 90 6
57 66 10
30 57 10
17 93 2
83 22 8
23 56 1
19 90 7
92 48 5
25 2 2
14 30 5
78 44 9
4 59 5
17 37 5
35 64 7
19 60 3
72 73 1
61 34 6
93 31 3
91 91 4
72 40 6
25 24 1
3 99 3
7 88 9
97 79 6
25 18 1
58 36 6
24 45 6
2 78 3
54 39 0
23 98 2
82 79 3
23 98 0
65 29 10
46 11 10
72 31 10
93 26 6
64 43 4
21 40 8
36 32 3
56 61 4
43 8 0
27 26 4
51 40 9
93 55 4
60 39 2
64 59 8
89 68 6
15 73 7
63 2 10
3 86 2
69 45 3
32 27 6
68 32 9
64 51 0
48 53 1
93 47 1
31 20 2
43 41 3
90 67 4
95 21 2
86 74 0
31 46 9
66 96 2
4 22 6
61 75 9
19 23 8
72 66 1
85 64 5
94 66 5
61 89 6
48 84 8
11 8 8
86 81 1
68 19 8
39 11 1
19 30 2
43 34 1
94 33 4
55 51 7
34 18 4
10 42 8
26 49 6
86 25 4
4 78 1
40 4 3
6 89 2
49 1 4
92 20 2
3 85 10
48 66 8
37 38 10
29 93 5
57 57 5
25 57 6
54 82 10
79 3 9
86 44 10
26 79 6
67 99 9
26 90 6
75 29 5
76 25 10
36 96 7
97 91 2
87 100 6
21 28 6
49 19 6
33 16 3
37 57 1
72 27 3
24 39 3
93 74 10
20 68 1
57 25 1
60 70 5
8 13 8
17 70 10
45 3 0
9 36 6
17 90 1
2 51 10
37 72 5
9 2 3
67 76 7
32 80 4
75 66 1
71 39 2
2 21 7
59 21 3
3 15 10
35 25 1
8 72 5
58 24 0
83 45 9
92 98 5
4 45 8
80 24 3
9 80 7
89 7 7
10 97 8
71 37 4
3 41 10
63 67 5
33 2 5
22 89 5
2 3 6
87 59 5
74 1 2
17 73 1
69 34 4
48 99 5
15 54 9
55 55 7
75 29 5
4 49 6
69 21 6
94 64 3
77 69 3
24 58 6
77 89 4
64 10 6
73 67 8
82 52 2
52 95 10
66 44 8
36 64 4
40 34 0
56 37 10
87 50 3
99 24 6
36 68 6
28 31 10
100 69 10
19 18 4
81 75 0
7 91 3
46 12 2
5 14 0
61 9 0
30 93 1
34 65 3
13 20 1
88 6 10
69 5 2
26 35 9
28 99 0
75 38 8
46 45 7
27 1 3
24 93 2
2 37 8
98 86 2
14 19 0
5 96 7
52 60 1
17 4 7
94 21 2
42 45 3
34 47 0
79 47 6
48 52 9
83 40 9
42 13 1
34 96 10
29 47 2
6 44 2
94 9 8
33 3 1
93 54 9
27 81 1
28 78 8
18 5 1
100 8 5
35 16 3
13 93 5
37 63 9
34 30 2
14 31 0
9 43 4
90 47 7
86 82 7
87 1 5
8 52 2
35 40 6
17 13 4
72 85 5
29 89 1
74 91 8
100 92 5
98 41 2
51 90 5
55 93 0
5 4 4
66 15 9
68 86 1
53 14 5
9 91 10
78 77 6
28 87 5
5 19 8
94 6 9
65 97 2
81 100 1
46 72 9
2 87 9
13 89 8
25 68 4
87 85 4
63 3 5
39 41 1
100 95 0
31 89 6
14 86 4
63 6 6
60 9 5
20 56 9
88 44 4
62 77 0
74 50 10
55 97 1
89 99 3
50 2 9
99 83 6
88 32 1
28 59 3
81 24 6
24 99 10
93 86 3
22 58 6
94 31 10
7 64 5
69 18 1
96 71 2
13 66 2
56 4 10
65 86 2
86 96 0
7 27 4
9 2 5
4 58 5
73 42 7
52 6 10
53 25 9
81 92 5
46 49 1
63 8 5
45 47 6
93 33 0
81 50 7
78 27 10
17 6 3
18 33 2
18 58 6
8 72 2
83 84 6
39 69 9
97 78 4
1 73 1
51 75 6
54 18 5
58 7 4
34 30 1
19 56 1
2 89 2
67 51 3
81 92 0
22 63 4
49 94 5
36 90 7
95 87 1
61 79 4
4 60 2
43 58 8
50 79 4
45 70 10
6 17 7
97 27 7
20 74 8
20 30 1
34 92 4
88 96 8
86 73 3
89 30 2
90 39 0
7 11 7
19 86 0
2 33 1
54 8 1
22 13 5
57 61 6
98 2 1
15 28 8
9 99 10
42 27 6
59 60 5
72 2 2
23 47 10
79 19 5
8 4 1
89 81 1
95 42 0
75 10 9
62 15 9
20 62 9
85 46 5
50 75 6
81 79 7
50 28 5
9 15 4
77 97 5
21 45 9
32 80 3
73 88 5
93 100 4
15 13 5
41 64 2
63 83 5
79 76 10
65 41 7
95 34 1
36 46 7
29 39 10
51 77 6
65 54 5
27 55 3
93 21 3
4 9 2
54 52 7
51 71 7
32 73 7
10 92 1
89 35 6
30 81 5
92 10 0
97 89 9
10 30 7
14 15 9
69 69 3
92 55 8
29 1 9
3 4 1
7 89 8
55 90 9
45 8 8
79 53 5
78 88 2
97 89 5
21 8 10
71 76 3
94 74 7
32 90 5
70 51 2
73 43 10
25 24 7
68 40 2
22 18 6
31 94 3
69 79 5
54 100 0
39 60 7
85 64 9
51 3 6
88 56 5
3 94 0
57 48 1
66 12 7
17 80 6
7 55 3
9 65 5
55 78 10
15 7 1
17 78 8
61 49 1
18 91 7
30 99 8
76 78 6
13 88 4
7 3 1
67 70 7
73 3 9
39 93 1
100 1 4
73 41 9
57 89 3
6 23 2
100 29 7
46 68 1
77 14 1
2 42 1
47 61 1
33 85 9
22 81 0
55 65 0
52 51 0
81 66 1
14 8 1
62 48 6
64 99 2
94 93 3
76 3 5
63 83 1
25 61 3
76 57 7
2 100 9
37 100 2
99 78 8
7 40 3
3 9 6
75 8 8
64 62 8
19 21 10
28 87 5
55 25 10
14 21 5
93 22 6
46 69 2
99 81 6
93 24 8
92 87 3
10 31 0
73 51 9
79 18 10
37 97 8
21 62 5
93 4 5
65 83 2
29 86 1
65 56 10
88 58 2
78 22 10
90 13 9
13 32 4
77 46 8
96 32 5
16 92 10
16 35 8
42 45 0
84 56 5
83 21 9
100 40 6
13 95 1
32 30 4
20 32 8
97 93 9
49 10 3
27 36 8
9 74 6
11 18 6
76 42 0
24 70 7
47 75 0
29 92 7
10 76 0
61 51 10
50 81 8
91 75 4
86 33 9
42 21 6
13 36 1
40 76 5
87 67 1
45 42 3
83 14 2
90 21 8
85 19 10
65 13 6
21 21 2
80 4 3
69 62 6
4 100 6
21 29 4
20 72 1
34 83 4
43 14 10
9 82 10
29 26 5
4 13 10
49 71 6
61 86 8
86 92 5
33 30 1
58 92 9
50 15 7
4 10 4
6 83 2
1 33 7
63 49 6
44 2 10
77 4 9
7 1 8
58 53 3
70 78 1
82 81 8
56 51 7
19 40 4
63 57 2
72 58 1
64 35 2
4 51 5
44 56 1
28 38 4
57 19 1
81 37 4
30 18 4
85 88 2
43 78 6
7 13 2
23 100 8
63 9 10
15 65 2
93 11 2
19 41 5
25 26 9
1 28 10
64 57 5
4 70 5
92 77 2
69 16 9
74 82 1
89 52 7
53 30 8
82 15 0
42 81 0
15 13 8
8 31 1
58 51 2
90 81 5
3 75 8
58 89 9
31 77 5
10 54 5
11 58 5
40 66 5
14 96 0
5 50 3
56 61 8
10 71 10
83 59 3
13 91 2
10 45 10
59 42 8
10 78 7
44 50 6
97 20 6
39 55 10
21 94 7
3 5 10
24 33 7
22 16 5
45 87 7
1 52 4
77 66 9
27 64 8
75 72 2
28 56 2
45 16 2
26 96 0
19 37 6
39 57 3
79 80 8
12 49 3
82 21 9
52 51 0
82 18 1
37 21 0
78 54 0
95 69 3
92 82 8
95 94 2
97 28 10
65 42 3
73 99 4
9 83 7
4 51 0
57 52 7
35 71 9
27 97 7
37 6 7
56 1 10
70 91 8
74 17 9
44 8 7
95 16 3
67 79 7
69 62 2
6 20 4
36 70 8
59 65 7
12 37 1
18 78 2
61 74 4
15 62 6
14 7 8
11 22 4
69 44 5
90 45 6
58 23 4
66 20 4
1 37 1
60 33 0
94 11 5
46 10 0
92 17 10
3 33 5
94 2 2
26 52 0
92 40 5
32 73 8
21 95 1
58 18 5
27 35 8
60 94 8
32 64 1
25 9 5
72 93 4
2 69 0
58 44 1
68 69 6
66 70 6
84 44 4
58 48 2
43 46 8
83 34 5
30 26 10
14 80 7
1 75 3
34 33 3
57 56 5
70 48 9
58 80 4
84 100 10
84 63 7
73 49 10
25 89 4
14 40 2
80 60 0
93 71 3
3 35 9
35 13 1
10 68 9
8 16 6
38 85 5
92 61 0
92 21 9
8 51 1
21 83 9
82 31 2
56 40 7
34 6 1
66 32 2
5 57 7
34 87 2
8 72 9
89 29 9
30 26 3
23 34 10
41 86 8
60 23 8
16 38 6
33 10 8
100 61 7
92 75 3
73 57 5
22 66 4
89 27 4
38 43 8
47 36 6
14 13 1
36 71 1
67 82 8
97 77 8
93 88 3
67 47 7
23 82 3
95 17 8
46 49 3
38 91 8
57 51 5
40 80 0
91 79 2
12 51 5
51 12 1
5 22 2
19 65 5
82 34 10
23 38 6
83 40 2
50 61 0
42 58 3
33 56 3
100 43 4
100 66 10
47 64 9
14 97 10
95 95 0
89 28 9
79 31 7
53 87 5
31 85 0
84 62 5
25 47 0
28 1 6
99 28 9
9 9 8
21 97 2
74 71 0
9 95 10
87 19 7
75 6 2
76 36 0
97 61 9
58 83 4
18 21 0
89 8 8
49 46 2
32 84 5
5 80 5
21 39 10
94 13 5
88 48 9
100 40 5
7 72 8
33 77 0
95 67 2
80 45 5
31 5 4
96 16 6
68 42 10
42 84 9
87 30 6
84 5 3
5 36 4
50 85 0
53 34 10
58 28 2
66 57 4
90 68 5
10 64 8
92 57 3
22 96 4
24 15 1
91 67 6
19 8 2
91 40 9
62 77 7
75 89 6
93 91 9
23 50 4
12 24 5
30 92 9
31 47 10
20 87 4
51 76 2
67 86 7
54 43 5
57 79 3
11 37 10
35 23 0
90 17 7
11 72 0
39 74 1
4 40 2
30 4 6
47 77 7
71 75 5
14 73 4
98 56 3
50 9 6
28 99 1
3 8 4
1 95 0
97 25 1
61 85 1
34 36 7
16 100 10
56 77 6
76 74 3
22 75 7
18 27 4
66 51 4
99 49 3
44 96 3
3 97 2
48 67 1
55 51 4
42 64 2
53 27 2
14 16 6
24 15 0
50 26 1
19 76 8
22 95 3
26 43 9
80 48 4
7 99 1
8 41 8
90 77 9
10 30 1
17 99 3
71 30 3
8 88 2
6 9 2
42 83 9
11 65 2
81 39 4
65 61 7
68 72 10
53 98 9
66 48 7
63 65 8
94 3 2
88 14 7
59 10 10
22 4 3
41 49 0
48 67 6
83 4 6
49 9 4
10 25 7
50 86 8
16 47 4
54 45 2
85 62 7
16 80 5
35 68 9
93 59 6
84 93 3
3 52 7
8 99 2
22 11 10
31 76 3
37 64 1
71 65 1
37 31 4
22 98 1
87 17 4
73 14 8
48 28 2
59 9 3
23 87 3
36 68 10
35 21 3
86 65 10
100 85 0
35 100 1
2 51 5
36 8 8
40 70 2
32 72 6
53 91 9
82 83 8
13 79 5
11 99 3
74 12 7
25 79 9
71 98 8
38 59 9
45 11 6
26 5 8
22 1 10
10 52 0
39 2 2
23 97 9
22 80 3
46 8 2
97 65 3
33 85 1
32 41 4
88 85 2
14 92 3
31 19 1
89 16 1
14 98 1
19 54 7
25 69 4
9 96 4
12 32 2
44 61 8
41 41 5
59 86 4
77 39 7
40 46 8
78 71 5
94 54 4
73 44 2
98 49 4
3 1 4
17 62 7
51 1 5
31 20 2
84 12 7
43 60 3
30 1 10
97 77 8
41 63 8
20 81 6
6 42 0
23 10 3
50 81 10
31 70 3
64 25 5
49 96 6
39 59 3
55 63 4
26 12 4
93 85 7
87 26 0
79 4 10
53 72 6
6 65 8
56 14 5
50 3 5
54 61 2
92 3 9
62 5 3
58 55 9
44 87 2
99 100 3
77 95 7
55 49 5
58 33 1
56 73 2
18 97 7
74 35 6
31 63 10
16 31 10
100 38 6
85 21 9
49 22 9
43 69 5
54 31 4
15 30 8
51 64 7
91 18 2
48 10 4
19 11 3
21 100 8
20 37 10
97 99 10
100 49 1
53 5 6
27 87 8
41 6 1
89 16 1
80 19 8
12 44 1
71 99 5
97 96 8
27 14 0
1 19 8
1 59 10
82 51 0
73 59 0
10 55 3
20 2 10
19 3 6
63 97 6
15 19 8
48 99 7
66 53 0
51 58 7
54 65 9
59 97 0
9 100 6
39 68 7
73 99 7
5 86 2
84 34 4
11 53 7
61 74 3
20 59 2
79 98 8
69 100 2
83 34 10
19 99 3
37 75 0
20 76 1
51 19 0
31 2 0
12 44 1
89 43 4
66 31 7
12 70 5
43 100 3
24 44 7
7 28 1
61 26 9
89 25 4
23 77 6
52 26 9
72 13 7
47 50 4
98 80 3
56 84 8
26 1 0
31 14 9
14 6 6
9 99 8
66 13 9
42 87 9
33 99 3
10 99 10
29 3 7
2 66 5
14 21 10
41 3 8
15 93 0
55 14 9
90 16 6
56 6 3
40 89 10
16 32 7
96 69 4
1 44 8
30 81 0
35 21 0
11 18 10
29 75 0
14 8 5
33 20 5
34 85 2
89 67 10
94 9 4
4 24 9
51 13 7
14 24 4
15 74 6
9 47 3
29 83 10
44 22 8
22 67 6
2 99 9
22 48 10
56 31 1
2 50 3
63 35 5
14 76 1
51 7 8
72 54 6
75 55 7
75 45 0
56 44 3
92 98 3
89 17 5
86 72 8
86 37 8
54 76 1
36 16 2
60 49 1
55 72 7
46 51 9
80 90 3
68 7 9
54 68 8
62 30 10
51 39 2
35 54 9
91 20 6
52 75 2
58 16 3
1 88 2
18 24 7
38 29 5
3 43 8
53 68 3
8 92 10
52 58 2
6 55 2
63 54 4
8 57 5
27 18 5
48 35 0
12 61 2
31 74 1
59 3 8
24 14 8
80 14 2
78 68 6
43 69 4
95 65 2
80 85 10
41 22 2
90 21 9
70 77 10
22 11 7
59 92 3
64 20 7
15 13 10
33 38 5
32 56 2
85 57 7
65 90 6
17 94 7
73 12 3
10 27 0
55 94 10
92 78 9
46 89 9
67 70 8
4 12 9
79 19 6
97 74 5
91 27 1
76 67 3
55 55 9
6 60 7
32 89 0
55 83 9
77 96 10
29 16 7
5 48 0
97 44 5
12 86 4
57 21 5
1 29 2
17 49 4
47 49 0
42 37 10
77 53 5
1 13 7
65 77 7
76 33 7
38 21 2
49 65 3
39 46 10
76 20 0
92 76 9
38 79 4
60 22 4
81 35 2
92 37 8
23 5 10
73 86 2
48 26 8
12 47 8
64 21 4
79 40 9
46 94 4
65 26 4
13 55 9
66 86 10
42 74 10
32 74 2
56 91 9
68 12 7
78 65 3
75 90 1
75 83 1
70 82 5
83 33 8
61 29 2
60 62 2
79 99 6
79 19 3
68 90 8
69 52 4
8 43 4
80 80 7
12 63 9
20 98 4
5 47 1
94 6 0
1 17 8
52 16 7
92 17 9
90 89 4
80 28 8
11 100 4
20 77 10
25 28 8
36 53 9
76 35 1
80 58 9
70 26 9
62 2 2
25 12 6
20 90 3
90 62 0
50 6 8
37 9 2
73 66 6
100 20 5
26 76 6
84 37 4
21 32 8
35 42 2
94 1 10
4 90 4
91 32 4
8 64 0
68 14 8
85 89 6
90 44 5
84 72 7
38 28 6
87 83 1
23 53 0
15 86 4
27 3 6
15 10 9
28 51 5
43 5 10
5 52 5
66 68 2
32 83 10
14 17 3
64 50 5
80 13 0
1 63 3
39 75 8
49 24 6
79 45 1
35 14 4
33 79 3
23 9 8
25 5 4
53 35 9
25 37 5
24 31 4
22 87 5
76 46 7
32 39 7
87 26 10
91 49 0
53 49 10
18 90 4
77 55 8
62 6 0
91 60 0
82 100 5
46 8 3
44 23 4
84 86 8
5 80 2
4 14 0
55 82 6
32 31 1
63 2 9
17 57 5
6 75 9
25 37 2
19 61 7
73 65 1
55 63 2
49 90 8
83 9 1
93 20 0
59 60 1
96 87 4
7 48 9
15 100 1
73 74 0
24 37 2
61 1 0
73 10 10
78 97 0
7 37 9
4 48 4
5 53 4
44 5 2
10 18 4
50 74 9
43 26 10
40 95 9
99 20 2
83 34 3
80 68 7
89 35 0
37 17 3
78 50 7
33 10 6
98 90 2
35 15 5
77 20 4
27 46 6
74 74 6
22 96 9
75 81 9
15 37 10
42 15 2
42 30 6
95 37 1
52 88 2
50 51 3
100 58 10
45 21 5
23 16 7
14 33 0
69 4 1
98 89 0
7 47 0
100 49 8
95 81 3
73 74 3
68 81 0
97 25 8
48 17 0
58 24 9
19 77 10
39 38 6
89 46 9
8 12 4
42 63 2
28 54 7
6 65 2
68 61 3
68 7 8
87 83 9
37 68 0
77 58 6
52 61 5
46 67 1
87 49 8
66 15 7
13 82 2
66 12 1
83 20 9
79 49 6
96 4 5
90 21 3
20 30 5
32 68 5
77 17 4
56 98 5
20 22 3
40 89 2
2 40 6
55 77 4
19 79 8
34 32 5
31 98 1
23 77 0
59 83 2
27 31 1
58 67 4
6 65 5
23 14 9
34 52 10
1 53 0
84 3 8
39 26 0
26 33 10
18 83 3
65 24 3
91 3 3
75 77 8
56 53 9
48 55 10
89 59 4
45 92 8
88 47 4
49 17 8
84 68 7
7 50 3
15 28 5
74 49 4
15 87 3
64 5 4
56 89 1
82 3 3
38 25 9
25 61 3
7 24 8
23 97 5
69 76 1
53 15 10
1 18 3
34 38 3
50 6 1
15 83 6
60 80 6
8 63 10
79 77 6
55 53 9
13 58 8
10 71 7
63 15 1
76 61 10
90 68 2
93 41 10
54 83 10
31 85 0
88 10 0
45 27 2
45 59 0
54 12 10
37 3 6
8 61 10
37 90 7
3 28 9
77 83 2
18 65 5
64 8 1
66 67 6
81 89 5
90 17 3
59 25 1
56 13 0
1 50 6
1 70 1
2 36 1
37 44 4
2 41 3
65 97 3
56 58 8
16 3 5
84 4 6
13 7 9
69 63 3
28 77 1
10 41 3
35 14 6
59 87 0
53 51 9
96 35 8
5 89 8
79 84 0
86 42 9
23 55 6
66 54 5
6 83 7
100 2 2
72 67 0
97 58 7
74 80 1
28 58 6
69 25 0
73 78 9
63 40 8
35 79 9
55 80 8
97 3 2
95 85 8
68 42 0
74 41 6
26 70 7
63 89 9
32 20 5
6 82 3
86 20 2
28 4 6
91 74 4
74 89 7
10 92 10
5 82 9
25 41 4
86 53 4
75 62 4
4 37 3
18 8 7
76 60 1
90 70 5
44 58 9
64 27 2
73 31 4
77 94 10
34 42 7
35 53 7
36 61 7
85 18 9
24 59 5
18 83 6
56 63 6
20 57 5
80 5 8
18 86 7
30 91 9
21 45 6
15 36 5
54 29 9
61 75 1
51 15 0
98 86 5
49 31 8
12 39 1
18 98 4
83 97 3
91 49 7
16 44 9
27 56 4
43 89 8
22 7 10
32 66 7
66 46 6
45 45 9
11 71 10
84 94 3
41 51 5
14 86 0
62 43 1
80 34 3
50 97 8
18 46 9
39 12 1
98 15 6
47 90 9
62 13 6
76 25 0
40 46 7
1 8 2
16 67 6
96 82 3
62 3 5
71 51 4
21 9 1
7 28 10
89 31 5
40 5 1
91 4 5
63 69 7
99 75 8
23 31 5
9 35 1
81 87 2
5 98 0
37 66 3
58 31 0
45 18 3
49 31 7
84 14 2
27 7 1
6 83 10
28 89 0
28 5 3
44 33 0
40 58 9
11 66 6
47 6 4
1 78 7
45 72 2
21 6 2
94 61 3
50 82 5
10 36 7
26 16 10
68 84 9
90 64 3
1 36 7
93 90 5
43 68 7
76 81 2
19 12 9
43 68 2
41 45 1
5 14 9
48 28 5
33 80 2
87 80 7
53 17 0
66 17 2
40 100 9
100 92 7
88 69 7
94 98 8
29 73 0
45 24 6
94 46 9
79 24 3
16 7 10
79 44 8
62 40 6
89 79 4
67 99 1
91 89 5
44 58 9
20 100 4
94 41 8
70 25 3
93 49 7
17 92 10
24 3 3
93 94 3
20 46 7
25 76 7
26 2 2
77 87 8
18 6 1
96 100 0
73 52 2
4 4 1
37 12 3
59 81 5
82 50 5
86 18 8
20 29 9
39 91 4
63 52 5
25 27 10
68 88 1
16 12 8
33 97 6
49 69 2
11 30 4
35 38 2
39 54 0
86 44 10
94 44 5
100 90 0
84 81 10
80 78 2
9 67 4
7 91 0
33 30 0
75 18 2
16 44 9
15 65 8
22 74 7
14 74 6
72 63 6
57 83 10
71 60 3
36 13 1
79 12 4
24 40 10
93 3 6
99 95 8
34 3 1
26 41 5
47 16 5
85 41 10
84 66 5
43 71 5
33 22 8
59 8 6
31 45 6
28 34 0
34 97 4
87 81 3
23 30 8
11 64 6
49 31 7
17 50 5
84 34 1
57 81 6
17 74 1
53 61 4
38 2 5
78 79 6
28 53 10
13 57 3
7 38 0
51 76 1
60 38 5
73 81 9
41 17 3
22 29 1
54 36 6
35 82 7
95 84 6
85 20 9
68 87 9
27 6 2
74 40 6
7 85 10
50 58 2
54 32 10
48 88 5
44 25 5
74 93 9
22 48 10
49 83 3
7 40 4
83 4 6
7 87 8
79 24 1
2 42 7
20 87 2
37 10 10
71 11 7
96 66 2
11 78 8
38 69 8
59 7 10
39 29 1
15 26 8
17 64 9
25 35 7
17 98 5
43 50 9
29 64 1
16 98 9
17 5 3
98 59 8
69 23 7
51 91 0
37 65 7
76 43 7
17 97 6
41 58 7
42 11 2
82 21 7
20 99 8
54 62 5
87 39 2
79 83 5
6 20 4
58 98 9
26 48 4
44 93 10
69 22 8
3 78 0
1 98 3
90 91 4
6 24 2
100 3 10
31 74 8
73 2 2
98 44 1
34 74 0
76 70 2
5 99 6
11 11 0
76 72 0
5 57 7
21 27 8
11 11 0
78 73 7
66 68 6
95 56 6
53 8 3
30 83 8
88 66 9
59 82 4
65 92 8
10 64 5
8 60 2
62 77 2
27 91 1
84 55 7
77 25 9
98 98 6
7 39 6
40 19 0
11 61 9
41 50 1
9 60 1
94 40 8
15 67 10
92 57 6
1 48 5
38 55 1
4 89 10
18 22 5
88 30 1
66 9 9
78 61 7
97 48 9
21 46 2
85 81 9
27 51 4
4 48 7
63 56 3
5 7 8
55 26 7
49 49 6
93 29 5
68 80 7
81 84 3
13 99 8
29 59 0
93 97 1
61 10 3
4 31 6
31 84 4
35 66 5
37 5 3
26 3 0
75 25 1
15 33 10
38 4 8
50 52 3
97 86 7
26 17 6
5 45 5
28 31 9
45 38 8
43 25 0
74 36 9
90 29 4
51 1 1
91 10 1
60 19 1
5 39 6
95 20 10
12 78 5
17 51 8
35 87 0
70 10 0
71 59 9
14 47 0
34 85 3
45 26 0
33 39 4
26 71 7
60 65 10
9 4 9
36 84 10
21 65 5
25 25 7
50 99 1
41 99 5
60 92 2
29 46 4
36 45 6
8 81 2
93 24 5
61 63 7
90 24 7
8 32 2
12 69 6
28 53 5
19 30 0
54 33 5
59 81 5
65 89 6
88 91 7
23 43 5
79 30 3
82 20 4
99 27 4
47 65 7
61 84 7
23 10 0
45 6 1
65 30 1
35 4 9
48 2 5
57 100 0
98 22 6
41 63 2
71 65 5
64 98 0
79 19 2
59 58 1
59 90 0
82 91 0
70 21 6
39 10 7
55 82 0
30 69 0
44 32 5
57 73 6
6 9 0
98 50 0
6 10 2
61 27 8
18 40 0
74 25 9
9 19 9
59 8 0
78 90 0
53 18 2
11 72 9
40 52 7
5 94 5
66 2 8
84 94 4
98 65 10
41 31 4
75 100 9
70 13 1
61 70 8
42 5 5
78 90 6
63 73 8
21 12 3
24 53 10
93 6 7
17 16 5
76 32 7
33 54 2
22 44 8
3 14 5
65 30 4
11 46 4
96 67 10
47 15 1
12 59 10
95 73 9
20 14 2
76 6 2
34 35 3
37 75 4
43 55 10
3 10 4
10 31 9
28 81 10
13 99 5
66 60 9
97 38 7
3 89 1
88 29 3
5 39 0
43 90 10
2 49 4
44 43 4
82 16 9
5 34 4
12 7 5
71 22 3
38 51 1
38 84 5
71 91 0
66 61 9
93 52 5
67 33 7
9 10 8
18 81 1
1 97 2
82 41 2
83 64 7
84 75 2
1 30 0
91 33 3
22 91 8
13 27 7
63 86 5
25 4 9
30 38 7
11 87 7
57 50 8
30 73 2
39 85 8
52 31 5
67 11 7
45 8 7
16 51 2
98 10 3
97 13 1
77 24 7
38 72 9
87 57 2
11 19 0
59 60 7
17 34 7
78 34 5
56 30 7
42 70 10
45 70 0
38 19 4
69 13 3
38 23 5
67 2 4
85 25 5
42 66 2
28 9 10
47 90 1
59 15 8
58 90 9
73 84 8
18 32 1
98 2 3
41 16 2
77 65 7
92 50 4
66 39 0
63 84 1
53 92 0
50 49 5
45 67 0
46 50 7
6 78 10
85 100 9
39 75 3
11 4 5
32 44 7
5 40 3
17 20 1
34 42 6
20 99 9
81 30 10
98 42 9
96 93 2
15 87 1
73 84 3
82 30 0
11 76 1
41 6 8
24 85 1
32 93 4
33 77 2
52 59 9
66 45 5
30 52 2
24 99 7
57 45 3
4 96 7
78 30 10
23 41 10
54 29 10
51 97 5
75 18 1
48 72 2
46 28 8
33 6 6
62 65 7
4 69 9
15 81 3
100 65 2
23 56 0
2 26 6
51 93 10
84 78 8
10 54 3
41 35 0
73 81 9
30 18 3
99 95 4
23 65 6
5 51 8
92 28 1
3 34 2
61 55 3
54 9 8
31 58 10
39 58 4
34 4 9
66 52 9
18 20 6
12 55 10
15 66 10
96 74 8
11 15 4
59 19 6
46 53 8
31 63 5
96 17 8
66 73 10
35 16 8
51 20 4
43 69 3
59 74 1
8 14 7
18 32 8
44 53 8
20 54 8
63 48 1
78 100 6
5 45 5
96 68 9
8 34 1
78 83 6
14 100 8
93 36 9
56 6 8
59 100 1
10 55 0
10 33 10
16 11 1
79 58 4
51 51 1
43 77 9
38 4 4
21 91 4
9 81 3
74 82 10
41 18 4
85 92 2
20 63 3
49 42 5
26 43 10
60 88 1
8 56 3
40 17 1
20 11 3
23 40 8
54 61 9
100 10 1
11 43 9
64 96 1
25 2 1
91 1 6
84 64 0
18 88 4
66 71 6
8 24 1
12 17 9
36 9 4
37 39 10
93 65 2
18 99 7
3 37 7
4 3 0
37 72 0
44 40 2
28 81 10
90 39 9
92 98 0
95 52 4
22 63 3
59 82 5
29 36 10
36 50 3
54 33 7
68 80 5
92 13 9
71 5 10
57 26 4
48 74 2
78 39 2
14 20 10
50 69 4
88 11 6
92 54 2
72 89 7
4 11 7
74 32 9
82 78 4
84 82 4
50 97 5
44 49 5
10 94 5
10 57 6
66 93 5
97 10 10
3 97 5
84 68 5
21 15 0
70 10 7
73 60 7
26 39 8
57 97 6
35 6 9
18 54 6
58 95 7
76 15 0
70 85 8
70 29 10
91 53 2
19 79 0
47 78 4
59 58 8
93 76 7
54 90 2
26 97 4
12 68 5
89 94 3
82 21 4
33 36 6
51 96 2
2 85 10
8 72 3
12 36 2
30 19 0
42 46 2
43 81 4
15 27 10
49 78 2
83 55 3
60 52 0
1 100 3
82 3 10
33 10 3
64 34 1
42 28 3
69 90 8
84 53 2
18 34 1
6 23 10
28 78 9
76 18 9
29 8 2
3 74 2
6 13 7
69 74 8
13 96 5
93 19 8
39 52 9
6 93 7
17 2 4
97 85 9
96 17 4
49 34 0
17 90 8
40 11 8
30 27 8
15 40 4
94 40 5
100 64 3
3 56 9
30 92 4
45 75 7
22 19 2
54 68 10
72 1 1
32 99 2
8 40 4
81 5 5
46 6 0
29 47 1
80 20 0
85 57 2
58 66 2
6 76 7
7 23 4
50 89 3
19 9 1
7 28 5
58 9 7
88 100 8
14 4 8
12 3 0
94 90 2
4 62 0
7 47 9
90 21 5
20 39 8
45 52 5
77 6 10
58 71 7
96 76 4
26 33 3
95 68 6
69 27 0
92 62 4
24 22 9
31 48 10
66 38 0
2 23 3
47 2 10
82 9 5
58 94 0
91 72 1
31 50 0
74 14 5
78 26 8
83 5 7
39 9 9
44 70 10
42 36 4
50 26 2
42 76 9
4 91 5
97 65 8
69 86 5
73 67 8
55 95 4
40 31 5
95 91 7
15 66 9
14 91 0
14 96 5
57 94 4
7 28 9
53 79 3
12 5 8
85 20 8
48 50 4
67 34 4
26 20 7
89 83 4
2 19 7
14 12 8
97 99 6
81 37 0
20 49 7
44 33 4
10 2 8
75 66 6
3 100 8
38 37 9
93 96 0
40 13 2
46 75 4
6 11 7
25 36 9
89 40 5
50 8 10
47 71 3
51 74 5
78 36 10
1 63 0
52 26 8
17 74 9
67 98 6
90 73 9
84 7 5
68 30 1
51 39 4
10 82 4
84 99 8
36 79 7
63 86 5
58 43 7
24 8 4
29 34 2
27 11 9
37 93 9
28 3 7
67 64 5
71 23 1
4 91 2
14 70 8
62 4 9
13 43 7
22 65 10
84 54 4
23 7 8
78 85 3
14 53 1
4 28 6
99 78 3
48 97 7
47 19 1
48 61 3
82 99 5
82 29 7
63 58 3
83 46 4
85 17 3
22 1 0
99 16 6
75 93 7
27 55 3
68 64 1
62 95 5
84 28 7
1 38 3
36 87 1
54 13 10
76 3 9
92 78 8
58 8 8
1 34 9
94 75 8
21 30 7
67 74 4
28 28 1
96 48 0
24 45 5
47 17 1
21 23 2
73 37 6
29 27 2
74 80 4
29 19 6
77 64 5
19 1 9
76 77 2
68 17 7
86 73 0
100 75 7
7 65 2
75 18 9
75 72 2
3 88 4
12 90 7
77 51 2
51 49 6
74 48 4
79 87 2
43 64 4
86 86 1
33 97 2
20 5 9
21 91 6
53 71 0
100 64 1
65 84 7
89 62 6
53 7 10
78 41 0
84 97 3
10 36 3
4 16 5
69 24 4
39 20 0
62 56 6
68 92 0
91 97 10
2 56 4
76 73 0
44 29 4
56 32 2
31 63 8
93 99 7
99 42 2
80 5 6
63 94 3
96 55 4
59 7 8
35 32 1
28 90 8
26 31 9
75 50 1
88 72 0
62 61 6
66 36 2
50 83 2
53 91 3
62 3 9
88 19 1
26 6 6
20 26 3
12 15 3
2 16 5
4 94 9
7 81 7
82 95 10
12 66 1
58 55 1
97 93 7
61 53 9
59 71 5
11 2 7
65 32 0
9 92 8
74 57 1
47 27 4
52 15 4
77 83 1
77 13 8
4 70 0
48 2 4
15 30 4
5 38 4
92 27 2
18 52 8
55 41 6
22 58 3
7 64 2
22 83 9
28 18 6
30 49 6
27 30 4
41 100 5
20 33 7
80 63 6
73 57 1
17 27 9
1 3 8
79 34 6
31 99 2
30 71 7
6 45 4
81 69 8
58 61 5
61 100 5
25 42 10
51 86 9
36 59 10
33 56 9
98 19 9
10 62 3
46 28 9
90 52 4
5 81 2
64 37 7
13 94 4
26 55 9
98 24 1
88 37 6
52 8 5
42 87 8
72 70 3
57 40 3
46 49 10
38 5 7
68 76 2
72 42 7
71 74 6
71 15 1
74 98 1
42 59 10
23 10 8
88 68 7
26 6 4
43 74 10
72 66 8
65 27 4
32 59 7
76 24 3
98 97 4
86 19 3
18 73 9
35 30 3
48 43 6
52 62 2
92 27 10
36 96 2
81 81 10
96 23 0
40 84 6
75 1 10
45 39 9
14 12 9
83 32 0
78 87 0
45 14 1
81 24 4
44 77 2
80 2 0
29 93 4
60 55 2
71 86 10
57 84 7
94 62 5
7 12 4
37 60 9
35 23 2
78 40 0
97 1 8
66 2 7
46 6 0
11 14 5
33 28 2
39 51 3
75 33 1
29 98 8
39 42 5
52 24 10
96 56 4
95 86 5
71 88 7
28 98 7
8 39 4
14 50 1
40 54 3
43 9 2
37 97 5
49 30 5
19 76 0
26 40 8
29 64 7
83 34 3
13 35 9
40 6 10
13 66 2
25 80 8
53 10 1
27 9 8
47 1 9
86 64 4
34 40 4
48 20 0
43 28 1
78 31 3
71 69 10
47 37 2
21 11 6
9 19 5
99 38 1
17 42 10
74 36 3
33 24 6
3 81 2
5 45 7
94 100 6
28 1 4
96 8 7
82 96 7
13 32 10
3 68 0
98 58 2
91 30 4
90 74 1
2 16 0
45 85 3
65 70 10
37 41 6
25 97 0
19 69 3
85 11 5
29 73 0
49 94 3
92 58 3
63 97 5
79 98 10
69 68 4
17 65 1
88 85 2
37 30 0
98 42 3
100 9 10
69 82 8
49 21 3
32 17 2
49 100 2
79 5 9
82 24 4
45 71 8
53 42 8
50 10 5
5 19 8
95 88 9
77 13 5
32 23 5
81 72 8
4 54 2
50 62 8
51 9 8
75 93 9
71 49 9
54 99 5
48 41 7
80 78 10
66 81 3
38 100 3
76 76 0
5 14 4
58 95 4
16 58 5
63 44 9
33 49 7
10 30 1
23 81 2
19 27 3
69 60 8
13 82 5
64 44 0
67 73 6
75 67 9
13 10 2
61 71 3
91 56 6
66 53 6
69 85 9
10 33 10
26 98 8
28 75 3
31 32 10
6 58 8
48 16 6
23 48 0
62 21 10
14 75 1
5 18 9
79 77 10
10 98 7
31 33 4
76 43 5
3 96 8
10 20 2
11 42 5
26 12 3
41 48 7
77 94 8
29 34 0
63 56 5
14 68 0
91 41 3
63 84 4
32 81 0
28 54 10
31 97 9
15 36 2
49 97 0
11 47 7
45 5 6
71 37 2
74 17 8
30 49 5
95 99 0
2 11 2
99 100 1
7 68 10
5 77 8
63 97 9
7 21 2
1 14 5
24 53 5
80 7 3
22 59 4
42 2 2
84 15 2
81 69 7
54 53 6
37 59 0
74 73 0
84 5 1
37 92 9
54 87 10
26 86 1
80 63 1
96 44 3
25 3 8
36 5 6
67 21 3
89 52 3
94 98 9
71 74 8
42 48 3
57 51 0
70 99 2
59 48 6
87 22 1
11 41 3
31 73 5
64 54 8
90 5 3
13 88 1
91 74 4
91 38 3
59 82 8
31 80 9
3 49 0
73 32 7
99 44 0
83 27 2
84 57 5
8 28 5
56 36 7
25 41 2
4 22 2
86 30 3
81 78 0
56 96 5
41 86 9
19 2 10
58 43 1
71 22 2
65 4 2
12 76 3
47 99 8
56 53 2
63 54 0
73 35 8
79 33 0
42 34 4
68 13 1
43 34 9
36 84 6
25 73 3
46 28 7
42 14 3
10 97 9
64 20 7
61 28 3
80 14 0
12 11 9
89 75 8
6 66 0
79 59 7
43 96 4
78 80 4
55 41 9
39 43 4
74 38 0
67 90 7
40 2 5
34 40 6
99 27 2
13 90 4
55 59 1
57 59 6
8 17 10
1 98 6
4 55 5
25 13 10
48 23 1
99 32 6
38 15 5
67 41 6
82 90 9
35 85 7
63 40 8
61 10 1
1 94 0
2 2 5
43 2 9
77 63 7
15 51 1
78 63 8
39 100 6
46 55 10
72 55 2
1 89 5
10 71 5
19 13 5
13 27 7
5 68 3
61 85 8
70 46 4
51 37 4
41 27 4
25 37 2
74 93 3
4 73 9
89 14 7
69 41 1
39 13 5
5 65 0
64 74 9
64 92 4
100 68 4
13 72 7
77 70 6
63 72 3
43 66 4
97 16 2
90 63 6
5 15 6
71 100 0
21 6 4
55 90 6
12 8 4
58 68 0
91 65 3
2 10 3
92 82 6
69 78 8
36 25 2
77 59 10
79 54 2
62 56 3
73 48 0
11 1 6
82 19 9
49 9 10
56 51 2
61 5 1
21 57 7
4 81 10
88 26 7
67 98 10
17 20 7
70 99 9
33 93 2
27 91 9
78 44 1
93 65 4
41 20 10
14 100 10
72 62 7
54 37 3
48 77 2
38 38 9
57 92 7
75 42 8
48 58 10
83 92 2
19 86 0
42 26 10
90 63 9
5 33 0
11 66 4
79 46 9
68 35 6
40 29 3
52 60 5
31 18 10
75 45 8
26 26 0
77 20 3
59 42 6
56 32 7
23 29 0
26 51 9
14 7 8
42 57 6
17 41 3
19 59 1
31 38 10
26 38 8
85 41 1
38 58 2
36 82 0
31 42 9
3 13 6
63 32 0
86 3 3
66 33 1
98 26 1
90 81 2
66 59 6
5 62 6
17 22 3
96 80 1
29 91 1
82 7 1
16 81 6
87 46 6
85 77 4
91 92 4
95 30 6
16 52 10
74 11 4
55 82 3
29 62 5
73 87 10
90 10 3
59 25 0
9 43 1
41 22 9
93 15 8
57 2 4
75 39 7
16 95 1
3 91 10
36 51 2
31 25 8
99 42 3
78 100 4
93 20 10
99 100 10
22 9 9
22 69 10
25 55 6
83 45 0
74 70 6
75 69 3
93 64 4
29 90 7
81 89 8
77 21 10
82 56 1
65 93 7
69 61 6
14 53 6
4 54 5
96 74 10
79 80 2
33 20 1
66 87 9
61 48 10
36 73 6
60 99 6
90 5 10
59 22 5
67 34 3
75 50 0
15 37 9
54 19 7
90 50 10
87 15 3
84 3 8
77 36 9
1 35 0
13 55 3
47 88 6
93 15 6
90 15 1
87 73 3
63 71 6
45 47 2
84 53 10
93 77 6
78 55 7
78 93 2
100 83 6
49 23 2
34 46 8
1 45 1
41 9 8
76 27 3
70 7 1
63 8 0
21 7 2
48 35 2
42 16 3
70 1 2
43 45 3
1 40 2
21 15 5
60 96 9
65 67 9
15 71 4
78 85 3
68 46 8
77 77 6
32 33 0
60 52 4
19 71 10
56 40 8
92 5 2
71 77 5
75 20 3
7 98 4
41 21 2
78 69 10
45 29 7
20 79 3
78 61 3
25 14 3
34 18 8
4 9 0
34 9 1
35 75 10
48 65 8
3 98 6
57 62 8
9 86 8
93 79 0
7 68 9
66 29 2
21 48 8
54 18 7
68 34 3
48 94 5
84 24 9
43 18 4
69 30 9
52 11 3
68 74 10
20 1 8
29 71 8
53 53 7
53 92 10
59 20 1
68 70 10
77 14 1
18 17 7
26 10 4
31 23 0
69 22 10
98 13 7
12 99 0
41 77 5
6 96 7
84 48 9
90 40 7
58 29 10
75 5 10
89 64 7
46 57 2
41 55 5
34 44 5
55 59 2
31 3 9
9 77 1
83 15 2
69 96 3
6 98 10
10 27 4
59 35 9
93 9 2
67 90 1
17 44 0
65 80 9
54 2 1
96 56 4
47 100 1
94 18 0
46 34 2
80 62 3
20 96 3
70 31 3
20 54 2
8 88 8
89 32 9
45 34 3
7 4 2
72 54 6
92 22 5
53 98 6
19 2 2
27 39 9
58 87 7
94 39 5
31 25 3
5 79 10
43 100 2
21 84 7
30 21 10
24 38 10
15 82 4
84 32 8
78 16 5
70 35 7
21 23 6
73 40 9
90 19 8
31 27 4
59 93 4
69 29 4
80 14 8
12 53 3
56 74 8
21 66 3
69 37 2
37 10 4
92 44 2
47 72 2
12 7 3
61 62 1
41 91 8
54 29 9
64 60 3
32 88 3
81 63 10
23 2 2
6 57 1
16 29 6
47 36 6
62 2 2
35 98 2
39 74 1
77 56 8
79 50 8
98 53 3
54 35 10
17 75 6
4 89 1
66 27 3
64 93 9
74 31 9
8 70 7
1 28 8
79 43 6
62 68 9
32 92 0
35 15 7
90 11 4
3 65 2
61 92 2
33 93 2
52 10 7
3 91 1
42 82 3
28 90 10
24 100 8
47 55 7
64 68 5
66 8 8
33 55 3
69 62 10
20 83 6
51 88 2
37 27 1
85 25 9
73 98 5
77 23 0
21 13 1
78 40 0
77 45 5
51 76 4
55 6 0
17 100 1
16 7 1
83 57 7
13 73 1
4 45 7
43 85 8
62 39 4
90 34 1
39 8 8
2 85 10
42 79 8
12 82 6
64 55 5
55 47 3
76 31 5
12 66 0
25 12 1
70 83 0
80 24 2
51 89 4
95 69 9
71 27 7
45 91 7
43 81 1
23 21 9
60 49 7
24 66 0
69 72 3
61 80 3
30 97 3
54 90 0
41 55 6
21 18 1
72 37 4
73 85 3
21 36 9
13 55 6
92 94 4
29 80 8
12 97 9
24 8 10
93 63 3
62 39 10
61 22 6
70 87 7
1 77 5
58 48 8
10 92 1
61 70 5
89 22 8
70 88 4
41 28 5
80 30 4
51 93 10
17 75 7
32 45 0
9 38 0
85 21 7
9 15 0
74 86 7
35 100 2
71 56 0
64 27 2
67 72 5
12 3 1
66 35 8
30 73 5
14 51 3
73 83 6
31 20 6
18 85 4
22 62 8
29 57 3
7 76 2
25 9 8
20 17 6
80 36 4
54 24 2
54 33 6
36 11 0
66 14 5
61 56 10
7 41 4
99 25 1
49 1 6
75 9 7
1 76 1
71 64 9
40 71 8
19 66 1
67 80 10
12 68 8
11 67 2
67 95 6
32 14 9
78 3 0
89 56 6
90 16 7
72 94 8
40 35 0
11 31 5
75 50 0
86 85 0
26 64 8
92 100 6
37 39 5
43 91 3
10 20 3
76 32 10
75 83 7
95 95 0
7 44 3
28 51 2
48 20 0
33 16 9
8 27 2
89 54 10
89 30 9
6 47 3
6 6 4
55 37 6
22 19 2
23 24 6
69 45 6
8 75 10
6 54 7
39 99 9
83 18 8
3 63 6
19 36 6
35 84 7
14 79 10
20 73 6
36 11 4
33 31 1
5 76 7
99 45 3
33 70 0
17 6 4
36 83 9
77 45 3
21 98 2
66 22 8
69 32 9
99 58 4
7 37 2
56 1 2
98 37 7
52 9 0
6 34 6
68 75 2
91 53 10
99 36 8
49 64 9
36 58 5
74 51 7
73 95 0
48 10 4
43 1 1
33 30 4
39 42 4
15 79 4
31 54 7
49 23 2
45 37 0
85 35 4
83 9 1
34 32 4
8 31 3
96 19 7
95 86 0
72 58 8
54 90 6
4 95 0
76 99 5
67 31 4
12 4 6
77 61 1
74 94 6
20 4 9
85 51 7
98 74 8
57 83 7
82 12 10
30 90 1
86 68 9
8 98 9
43 10 4
99 76 4
97 26 7
83 31 9
73 22 0
92 88 9
45 43 2
69 16 8
31 39 7
49 45 5
16 92 1
35 27 3
20 33 8
63 32 8
1 14 7
88 5 2
17 36 4
62 44 1
46 5 1
34 39 4
71 1 2
10 95 3
39 92 0
18 100 2
36 12 8
75 93 3
71 5 8
34 68 8
66 88 0
23 47 1
3 44 8
6 88 9
42 84 9
75 73 8
55 19 7
63 7 1
35 32 6
31 21 4
62 14 1
36 43 0
33 59 0
23 5 10
29 43 8
75 63 3
16 55 10
37 92 10
33 70 0
22 83 7
6 72 6
52 60 9
23 71 1
18 30 2
44 48 7
53 55 4
91 79 5
12 86 6
58 97 3
7 37 10
86 24 6
1 67 10
67 26 1
87 55 9
17 73 3
29 8 6
5 6 0
45 39 8
98 31 8
31 73 7
81 47 6
87 13 3
52 89 3
92 27 0
73 35 7
35 56 3
23 32 9
85 8 3
96 66 10
10 46 6
1 39 0
99 65 10
42 48 2
33 89 4
63 93 5
42 12 2
4 30 5
79 98 9
10 55 6
19 9 0
60 51 1
97 15 6
79 61 2
94 21 2
70 29 1
44 81 10
30 66 9
23 60 2
5 75 9
25 62 5
49 32 10
66 90 2
68 85 3
44 87 10
87 11 10
51 35 10
99 39 7
79 49 3
23 7 7
36 100 3
99 86 3
91 20 8
78 63 7
7 99 2
63 13 1
21 85 2
17 77 5
36 74 3
74 25 3
27 32 4
68 66 2
6 23 4
27 50 4
77 94 0
81 3 3
43 92 10
5 12 5
35 93 10
100 2 4
98 56 8
73 31 5
32 69 1
67 37 6
59 97 6
97 78 7
62 31 4
84 39 1
40 33 1
14 60 6
48 62 3
50 24 2
25 52 4
62 18 0
36 100 8
18 69 8
1 26 8
88 13 10
81 36 4
40 85 10
95 96 0
52 94 5
87 38 3
16 31 4
86 45 4
62 75 4
90 74 1
74 13 9
81 13 7
51 41 8
2 72 7
47 63 9
28 99 2
98 63 8
4 58 1
43 56 3
87 71 2
92 84 9
40 54 2
74 55 9
53 90 2
18 71 7
32 80 5
47 74 5
49 32 4
38 41 7
92 5 7
50 58 7
67 26 1
4 13 9
7 63 2
97 58 4
33 68 6
16 42 2
8 70 8
8 71 7
59 87 4
93 30 1
71 52 8
77 83 2
47 52 4
85 45 2
85 28 8
37 7 6
78 23 9
88 98 3
46 95 9
94 36 7
99 99 7
61 81 3
67 43 0
61 63 6
59 64 7
62 56 7
64 37 3
47 44 6
23 2 5
92 8 8
93 20 2
87 16 1
61 51 1
99 11 9
55 5 6
12 42 5
1 14 10
87 15 7
81 71 3
4 65 5
91 42 5
57 96 6
27 85 5
71 75 4
86 74 2
57 94 6
26 46 9
99 31 5
74 96 8
7 37 0
17 23 2
46 33 3
34 18 2
33 55 10
34 47 8
1 63 8
63 48 1
32 54 3
13 41 5
15 31 0
15 65 0
22 98 0
68 42 8
64 36 10
85 39 4
29 59 3
70 63 6
97 50 1
18 23 8
98 57 2
17 46 1
81 69 1
2 62 0
19 8 10
29 87 2
42 19 8
72 59 3
47 53 1
33 60 10
72 4 6
50 55 6
31 95 7
74 33 2
94 85 6
61 45 6
17 46 6
51 63 1
86 10 9
29 31 9
81 19 3
75 35 5
47 55 5
97 52 4
41 72 0
39 85 1
29 61 7
94 40 5
82 57 6
52 26 7
73 8 9
22 71 10
55 69 2
84 19 5
2 97 3
12 91 9
41 32 1
96 45 7
65 98 4
53 67 5
32 76 0
80 35 4
67 63 7
67 49 9
76 59 4
25 8 0
5 15 10
58 74 6
85 76 8
78 10 9
32 36 4
41 87 4
58 73 10
11 14 0
99 5 1
15 88 0
64 6 7
11 83 5
24 81 6
7 71 7
42 76 4
87 13 3
33 25 1
96 59 0
91 57 6
13 73 0
42 23 9
23 77 6
59 96 7
90 42 0
60 15 7
93 62 0
71 93 4
91 50 3
100 54 7
78 77 2
50 93 10
57 14 8
48 68 0
16 59 1
74 57 4
2 91 1
10 40 2
97 16 0
75 79 6
96 65 5
17 63 3
27 10 10
95 14 0
62 23 4
89 89 5
98 60 1
20 60 9
47 96 8
24 1 5
22 87 4
1 43 6
29 50 9
92 13 8
21 89 10
24 41 0
3 88 0
90 29 4
66 77 6
86 34 3
4 34 5
1 91 7
10 1 8
28 50 5
37 98 3
34 12 2
9 7 3
91 91 1
95 41 4
49 91 6
49 34 10
84 75 1
60 27 9
44 46 3
28 61 5
85 95 4
29 25 8
99 56 4
49 13 2
37 15 0
43 100 3
39 69 9
10 69 5
52 99 9
26 32 2
4 65 0
37 59 4
