100 200 1 10000
97 37 298691
68 31 131988
10 44 539080
28 76 742603
12 8 79786
58 31 323987
96 30 872466
2 58 849133
44 57 662132
57 54 872229
54 23 140762
15 55 46963
91 11 930529
93 24 367615
46 70 458855
91 95 224260
67 36 757762
92 11 545277
56 36 543022
48 2 455196
79 27 355693
66 58 425965
75 36 142879
13 47 898002
12 1 445724
51 83 127857
40 82 567874
27 1 865196
33 100 55229
38 64 508887
24 29 466603
57 65 928581
11 92 720049
98 19 788863
94 44 675331
37 46 703712
45 59 823608
70 81 669725
53 38 621512
90 14 14834
19 90 697041
12 81 502282
72 48 344368
74 57 861613
88 15 542345
39 20 480285
39 69 669683
66 72 881479
58 34 216023
27 63 746920
91 67 134105
89 13 7654
88 11 420825
26 30 227846
47 86 958383
11 59 84601
48 94 773887
54 71 516091
8 41 915822
89 45 265654
93 8 57621
20 62 805158
91 14 915930
13 85 66931
29 10 931621
92 99 129352
45 76 854433
24 15 829270
6 41 229738
33 83 460657
86 43 227307
95 76 226364
77 83 410382
88 26 763049
5 84 944634
71 48 531255
74 4 667456
68 22 818149
43 36 412226
11 4 339793
63 57 53838
51 30 46650
20 57 561336
2 51 506332
6 7 992682
19 69 675655
21 66 415552
64 95 624080
53 19 404
83 51 51338
72 19 853307
57 27 897404
36 52 20939
49 93 284445
57 64 532135
61 9 83450
26 43 140218
75 81 917889
41 1 56491
30 76 618196
31 45 736101
74 5 534866
11 99 686843
21 31 69808
20 21 7231
61 8 218143
87 34 663987
35 30 352699
23 53 292392
80 35 421013
36 9 622337
93 92 993062
97 10 183671
13 17 518092
72 83 228305
73 37 545742
14 47 251377
60 80 926992
90 96 75811
66 36 720020
30 20 984728
66 51 558121
57 36 449098
65 73 743555
63 3 784834
22 80 660566
51 71 795580
57 1 635536
95 72 640516
92 86 60932
85 42 942756
55 34 176971
14 12 496273
44 67 120780
56 93 463390
73 88 402619
28 30 982832
88 1 363093
37 24 888659
77 87 703599
26 12 614150
88 52 657634
35 73 857043
95 22 264938
42 57 123734
88 54 148528
88 4 718872
90 88 372276
47 69 773450
31 18 444188
61 1 352292
14 72 392866
52 46 352065
44 58 196910
9 11 131613
100 42 113076
65 47 407991
97 11 617573
26 75 791624
80 66 553368
36 15 482010
73 86 843721
49 20 28364
41 80 882053
13 7 906078
46 39 773893
52 34 379769
70 46 921467
16 33 256896
38 32 663863
8 63 855787
28 18 49766
67 18 319468
95 75 139291
10 58 263419
19 68 159748
80 84 160536
33 37 891156
69 48 45593
31 66 730394
70 52 285052
56 34 910711
95 89 727418
92 98 182617
89 11 332023
38 60 450098
43 97 641545
17 87 583661
79 29 175875
73 5 841616
73 64 218877
33 57 518868
29 85 375810
70 74 685371
54 59 645901
44 34 262014
88 82 86261
12 80 990852
34 92 79006
58 90 900698
97 57 0
17 70 0
16 35 1
15 63 0
60 99 0
47 42 0
3 93 1
98 58 1
65 37 0
41 52 0
87 47 1
35 85 0
59 84 0
76 7 0
68 68 1
34 86 0
95 94 1
93 35 0
29 81 0
2 45 0
90 99 0
44 83 1
96 50 1
80 76 1
11 78 0
75 61 0
32 4 0
60 75 0
3 53 1
54 58 1
87 60 1
41 93 1
19 61 0
75 45 1
93 99 0
92 96 1
6 89 0
75 77 0
19 40 0
64 2 1
27 20 0
5 26 1
61 53 1
7 63 0
71 14 1
32 82 1
78 31 1
20 90 1
76 100 1
53 64 1
95 86 1
59 37 0
18 91 0
26 75 1
43 20 1
16 71 0
45 90 1
36 16 1
61 56 0
91 63 0
19 30 0
66 70 1
33 29 0
76 98 1
11 88 1
4 1 1
71 71 0
24 17 1
77 64 0
78 75 0
45 11 1
16 49 1
89 97 0
74 64 0
82 64 1
83 19 1
1 33 0
3 62 1
90 24 1
55 43 0
50 80 0
28 65 0
40 88 1
91 41 1
33 10 1
71 29 0
75 23 1
94 82 0
11 59 0
11 99 0
90 74 1
59 10 1
26 69 0
37 65 0
94 50 1
87 37 1
60 33 0
46 30 1
47 52 0
27 58 1
64 63 1
35 85 1
41 12 1
67 32 0
77 99 0
1 34 1
23 82 1
46 98 1
82 59 1
6 29 1
64 41 0
12 5 0
82 9 0
91 69 0
7 82 0
92 89 0
71 42 0
35 39 0
59 66 1
92 63 1
59 1 0
90 61 1
67 21 1
37 81 1
96 7 0
92 61 1
35 10 1
58 78 0
47 79 1
51 100 1
54 52 0
20 53 1
49 78 0
20 94 1
83 79 1
7 25 0
63 25 1
79 21 1
29 69 1
85 35 0
55 73 0
78 48 0
1 46 0
43 93 1
98 3 0
67 80 1
5 54 0
17 82 0
57 35 1
23 13 1
65 38 0
32 91 0
59 20 0
67 34 1
61 42 1
34 35 1
40 83 0
66 13 1
88 53 0
98 62 0
34 11 1
90 86 0
22 19 0
95 6 1
89 95 0
7 65 1
84 25 1
23 69 0
51 97 0
84 49 0
3 52 1
32 6 1
17 8 0
86 51 0
73 59 1
94 42 1
85 76 1
47 32 1
12 7 0
74 26 1
80 65 1
27 48 0
5 88 0
47 69 1
12 59 0
5 36 0
46 62 0
82 47 1
86 54 0
87 3 0
29 50 0
78 58 0
26 42 0
87 76 1
40 55 1
34 89 1
79 20 1
22 1 0
39 39 1
71 37 1
93 97 1
64 43 1
95 86 1
67 73 0
80 19 1
60 26 1
85 69 0
36 78 0
5 18 1
20 41 0
37 18 1
23 13 1
31 6 0
69 62 1
2 94 1
44 12 0
20 3 1
3 99 0
88 45 0
55 86 1
89 22 0
58 58 1
1 24 0
93 70 1
28 6 1
69 55 1
90 63 0
100 46 1
46 28 1
70 55 0
84 83 1
9 93 1
42 92 0
48 78 1
26 13 1
46 84 1
98 53 1
78 81 1
79 83 0
92 4 1
57 63 1
42 14 0
21 7 1
86 87 1
45 91 1
19 77 0
47 38 1
26 87 0
31 5 0
71 4 0
53 69 0
64 15 0
75 33 0
51 2 0
80 35 1
2 97 1
28 29 0
8 7 1
50 79 0
85 70 0
42 35 1
67 4 0
37 69 1
91 55 0
24 84 1
19 74 1
60 81 0
38 78 0
69 4 0
79 94 0
14 59 1
91 17 0
21 55 1
13 73 0
85 21 1
65 56 1
90 59 1
49 100 1
7 43 1
84 92 0
4 9 1
18 90 0
69 18 0
12 68 1
71 58 1
25 34 0
9 94 1
27 17 1
69 4 0
44 96 0
73 86 1
49 92 0
100 15 0
7 76 1
87 1 0
28 13 1
70 50 1
12 36 0
35 40 0
56 90 0
4 77 1
61 78 1
40 8 0
76 97 0
88 89 0
48 38 1
30 51 0
85 37 1
4 5 0
62 54 0
60 30 0
58 53 1
84 23 1
86 33 0
44 19 0
50 70 1
24 48 0
63 64 0
86 65 0
72 1 0
72 29 0
99 63 0
28 94 0
1 3 1
77 91 0
7 53 1
48 73 1
21 22 1
38 29 1
43 67 0
18 12 1
85 95 1
32 93 1
21 65 1
6 90 0
32 88 0
27 31 1
27 29 0
7 56 1
15 61 0
54 74 0
84 83 1
1 59 0
29 100 1
57 60 0
89 30 1
39 98 1
32 6 0
88 13 1
7 51 1
39 16 1
57 87 0
55 17 0
96 56 0
88 40 0
63 76 1
89 57 0
37 1 0
83 29 1
59 54 1
30 39 0
79 94 0
82 53 1
48 6 1
3 81 0
4 48 1
25 13 1
91 88 0
55 61 0
65 35 0
27 8 1
21 64 1
89 69 1
78 75 1
21 85 1
16 34 1
42 47 1
51 57 0
90 34 0
43 55 1
7 1 0
59 89 0
79 99 0
24 6 1
17 18 1
21 94 1
64 45 1
36 83 1
4 10 1
47 29 1
1 71 1
78 7 0
83 11 1
56 37 1
52 81 0
5 68 1
20 12 1
82 2 1
59 96 1
78 14 0
76 61 0
88 83 1
28 58 1
44 96 0
43 51 0
95 42 0
88 71 1
33 78 0
21 47 1
74 99 1
35 41 0
32 88 1
38 60 0
47 31 1
68 31 0
52 17 0
79 15 0
89 67 1
38 97 0
4 64 0
10 94 1
10 11 0
82 11 1
56 51 1
75 38 0
49 30 0
1 94 1
67 75 1
96 89 1
26 84 1
64 1 0
97 40 1
64 52 0
46 76 1
38 50 1
38 66 0
77 68 0
47 68 1
73 98 0
21 82 0
23 75 0
73 35 0
33 44 1
87 95 1
60 5 0
66 36 0
47 82 1
19 67 1
39 5 0
30 38 0
38 46 1
18 87 0
87 73 1
64 29 0
43 21 0
41 37 0
12 4 1
96 75 0
12 11 0
82 46 0
34 21 1
98 70 1
24 86 0
37 9 0
83 19 0
87 38 1
87 76 0
18 58 1
84 85 1
85 83 0
30 19 0
94 29 0
82 20 0
34 85 1
59 71 0
89 60 0
59 4 1
8 35 0
66 72 0
19 46 0
47 21 0
61 59 1
35 76 1
79 47 1
56 74 0
7 42 0
14 40 0
73 69 0
6 40 1
94 26 0
55 34 0
70 91 0
6 75 0
96 61 0
37 60 0
3 15 1
31 94 1
100 94 1
22 90 0
67 84 0
96 70 0
92 88 0
5 99 0
60 77 0
19 88 0
82 41 0
23 17 0
79 71 0
18 85 1
66 82 1
96 53 0
89 80 0
46 30 0
57 97 0
55 26 1
59 30 1
3 37 1
51 30 1
77 2 0
49 42 1
94 94 0
90 74 0
78 47 0
79 44 0
66 15 0
63 76 0
20 47 1
14 73 1
43 3 1
35 61 1
97 10 0
10 42 0
82 87 0
39 74 0
22 13 1
27 33 1
77 72 0
68 15 1
46 80 0
57 41 1
44 90 0
22 28 1
51 92 1
93 15 1
28 40 0
72 33 1
19 67 1
2 52 0
94 12 0
87 40 0
38 63 0
82 93 1
87 36 1
63 99 0
20 62 0
70 6 1
92 64 1
3 14 0
62 20 1
69 29 0
53 89 0
25 69 1
10 9 1
62 71 0
11 51 1
1 95 1
82 85 0
40 88 0
7 78 0
51 10 0
84 58 1
38 8 1
32 56 0
68 78 0
61 33 0
19 98 1
99 78 1
39 58 0
55 58 0
41 95 0
94 73 0
82 73 1
27 1 0
11 59 1
56 82 0
78 6 0
74 14 1
23 50 0
91 26 1
96 87 0
2 76 0
29 13 0
32 73 0
18 88 1
69 64 0
69 63 1
28 33 0
50 54 1
65 97 1
79 67 0
41 48 0
63 81 1
73 24 1
11 93 0
96 21 1
15 16 1
31 27 0
53 57 0
38 48 0
60 97 0
86 84 0
35 56 1
75 57 0
77 80 1
67 5 1
58 57 0
8 95 0
71 100 0
90 36 1
56 46 0
36 9 0
94 23 1
58 28 1
64 92 0
19 60 0
41 26 0
71 76 1
25 83 1
98 98 0
61 23 0
70 91 0
72 78 0
62 38 1
8 70 0
99 81 0
35 47 1
58 67 1
98 71 0
24 75 1
32 55 1
64 96 1
33 71 0
23 7 0
87 51 1
18 87 1
64 55 0
4 38 0
100 74 1
22 34 0
22 91 0
62 32 0
95 82 0
86 30 0
7 55 0
61 94 0
21 25 0
92 18 0
50 34 1
89 84 1
54 95 1
38 73 1
10 23 0
33 99 1
84 48 1
48 3 1
78 95 0
8 20 0
75 12 0
52 15 1
72 41 0
66 6 1
54 71 0
41 21 1
22 11 1
10 19 0
64 67 1
87 34 0
81 73 1
13 36 0
3 78 0
39 40 1
16 27 1
31 93 1
41 31 0
65 80 0
87 31 1
32 26 1
63 9 0
48 93 0
3 32 1
44 8 0
10 44 0
11 88 1
69 27 0
86 40 0
95 87 1
21 52 1
9 76 1
10 77 1
16 27 1
49 85 0
1 96 0
82 34 1
63 42 0
79 54 1
13 91 1
87 6 0
44 54 1
72 72 1
8 94 0
78 65 0
100 82 1
83 40 1
42 90 0
47 83 0
86 41 0
58 51 0
50 18 0
72 17 1
40 72 0
22 81 1
88 53 1
99 16 0
34 17 1
22 100 1
35 47 0
76 10 1
65 21 1
8 38 1
58 12 1
53 84 0
17 67 0
78 23 1
93 57 0
4 4 1
71 12 0
19 63 1
28 54 0
67 94 1
88 9 0
61 82 1
4 50 0
48 82 0
42 66 1
57 62 1
24 74 1
67 81 0
69 44 1
8 15 0
82 51 0
28 71 1
8 96 1
85 45 0
56 39 0
86 10 1
40 73 1
47 74 1
67 47 0
36 56 1
72 14 1
98 74 1
36 94 1
89 58 0
94 62 0
3 60 0
38 19 0
78 9 0
51 14 0
68 34 0
63 42 1
98 42 1
21 86 0
87 2 1
70 5 0
50 23 0
73 40 1
80 72 0
83 54 0
58 76 0
68 55 1
79 36 0
10 57 1
62 32 1
49 2 0
60 59 0
9 88 0
8 25 1
42 50 1
17 38 0
83 58 0
95 97 0
83 7 0
22 3 0
14 25 1
56 83 1
26 8 1
47 38 1
4 28 0
33 66 1
3 43 0
35 22 1
46 10 0
36 24 0
22 69 0
3 7 1
65 24 0
31 59 1
40 33 0
47 60 1
25 86 0
67 12 0
62 76 1
66 57 0
85 20 1
27 20 0
58 57 1
19 62 0
42 19 0
17 17 1
6 34 0
77 65 0
69 46 1
16 19 1
7 31 1
8 43 0
74 74 1
27 26 1
61 20 0
76 24 1
8 2 0
95 52 1
44 8 0
24 8 0
6 46 0
12 55 0
51 100 0
25 11 0
77 41 1
31 51 1
22 60 0
38 94 1
24 1 1
51 73 0
97 67 1
82 58 0
36 55 1
70 63 0
89 96 1
27 82 0
32 73 1
55 94 1
49 50 0
61 57 0
49 58 0
48 15 0
47 70 1
67 29 1
44 14 0
55 41 1
95 59 0
93 75 0
60 30 0
19 90 1
98 50 0
61 68 0
40 18 0
66 6 1
54 17 1
63 47 0
83 72 1
44 51 0
76 88 1
49 40 0
56 21 0
96 14 1
47 68 0
3 37 0
58 80 1
49 66 1
99 16 0
58 57 0
3 95 0
65 9 0
70 30 0
52 98 0
22 79 0
92 33 0
59 8 1
85 2 1
64 60 0
44 93 0
68 28 0
37 58 1
2 31 1
82 39 1
34 33 0
32 96 1
11 67 0
3 18 0
68 13 0
88 65 1
33 99 1
92 70 1
13 53 0
44 21 1
90 67 0
99 78 0
94 44 0
82 47 1
35 96 1
87 87 1
20 11 1
71 45 0
10 35 0
42 7 1
68 5 1
2 95 0
34 20 1
35 83 0
99 100 1
32 82 0
33 91 0
46 60 0
1 14 0
12 11 0
71 25 0
7 83 1
13 72 1
79 16 1
99 63 1
75 75 0
98 88 1
54 63 0
31 78 1
20 40 1
48 74 0
62 83 1
71 45 1
11 44 0
1 39 0
83 37 1
29 9 1
83 33 1
57 68 0
58 71 0
56 43 0
66 56 0
66 24 0
26 87 0
95 92 1
26 9 0
53 56 1
37 2 0
84 69 1
7 91 0
36 38 1
26 7 0
33 52 0
76 11 1
73 83 1
44 28 1
47 90 1
90 31 0
63 60 1
29 86 0
81 53 0
34 88 0
76 63 1
83 30 0
88 42 0
56 81 1
5 73 1
45 88 1
91 48 0
54 84 1
43 48 0
6 79 1
15 89 1
78 31 0
24 76 0
65 10 1
22 42 0
63 81 1
87 2 0
13 26 0
44 15 0
48 73 1
93 17 0
89 91 1
65 49 1
33 75 0
70 17 1
76 52 0
9 20 0
12 38 1
45 48 1
46 89 0
52 97 0
72 44 1
78 57 0
50 21 0
24 49 0
70 75 1
46 71 0
63 35 1
92 3 1
4 72 0
10 14 0
64 35 0
81 92 1
77 41 0
95 56 1
53 11 1
85 44 0
10 56 1
29 17 0
35 91 1
44 76 0
95 66 0
50 64 1
3 10 1
85 77 0
72 59 0
2 6 0
75 64 1
7 66 0
22 69 0
17 72 0
63 24 0
27 56 1
46 95 0
69 36 0
42 58 1
30 99 1
76 10 1
16 18 0
31 7 0
45 62 0
38 33 1
53 43 1
23 7 1
14 78 1
31 99 0
60 42 1
55 59 0
48 11 0
52 29 0
76 26 0
7 52 0
3 16 1
81 36 1
15 45 1
93 2 1
89 44 1
77 50 1
18 11 0
75 86 1
79 49 1
90 71 1
47 50 0
28 66 0
13 14 1
99 88 1
96 41 0
65 44 0
22 78 1
53 10 1
62 25 0
21 51 1
15 30 1
46 51 1
67 51 1
65 1 0
44 88 1
49 65 1
93 76 0
23 51 0
36 84 0
60 22 1
22 10 0
49 79 1
37 59 0
76 32 0
77 71 0
80 70 1
89 47 1
19 85 0
75 73 1
62 80 0
90 93 1
92 22 0
82 82 1
77 20 0
41 41 0
34 49 0
45 96 0
36 59 0
79 71 0
14 46 0
35 87 0
93 42 0
81 57 0
9 39 0
48 60 0
91 69 0
72 25 0
60 68 1
88 59 0
100 13 0
81 32 1
65 74 1
91 79 1
41 16 0
2 13 1
18 41 0
76 22 1
58 79 1
56 52 1
52 7 0
6 65 1
24 29 0
15 82 0
75 21 1
7 90 0
1 27 0
53 17 1
82 38 1
47 78 0
34 85 1
57 89 1
66 3 1
21 35 0
78 93 0
60 42 0
25 93 1
72 62 1
86 45 0
96 25 0
41 64 0
41 16 0
61 51 0
72 77 0
19 19 1
70 7 0
62 15 1
48 18 0
44 79 0
29 64 1
73 82 1
9 2 1
61 58 1
46 59 1
13 37 0
40 20 0
53 9 1
18 17 1
43 34 1
77 95 1
37 96 1
2 32 1
63 28 1
8 10 1
50 24 0
17 33 1
53 56 1
47 55 1
36 61 0
8 42 0
64 5 0
55 54 0
13 6 1
27 97 0
61 21 1
68 18 0
38 75 1
31 56 0
73 91 1
28 43 1
60 32 1
54 11 0
97 92 0
85 39 0
24 62 0
38 68 0
41 15 1
97 87 1
14 22 0
93 50 1
47 93 0
51 44 0
70 90 0
81 72 0
53 55 0
11 78 0
73 21 0
66 71 1
58 34 1
63 91 1
91 29 0
8 62 0
74 11 0
56 83 1
32 100 0
54 76 1
92 45 0
93 33 1
78 58 1
9 75 0
31 93 1
2 70 0
3 78 0
87 98 1
52 16 1
88 81 1
48 30 0
63 68 1
23 85 0
6 15 0
38 43 0
10 20 0
65 91 0
54 92 0
66 68 0
9 44 1
95 46 1
61 56 0
14 57 1
53 42 1
41 42 0
17 64 0
60 94 1
26 85 1
9 81 0
33 20 1
97 52 1
91 22 1
2 91 1
6 54 0
23 80 0
97 8 0
1 98 0
69 96 0
5 98 0
82 73 1
84 72 0
88 93 1
54 37 1
19 21 0
86 91 0
42 15 0
68 98 1
85 64 0
36 50 1
33 19 1
30 80 0
50 54 0
6 92 0
93 9 1
63 22 1
17 94 0
83 4 1
48 20 1
58 59 0
10 18 1
20 43 1
58 15 0
95 56 0
57 84 1
63 100 1
39 39 0
74 20 0
69 94 1
62 86 0
97 18 1
6 12 1
18 60 1
31 21 0
47 48 1
69 58 1
44 28 1
36 39 1
78 55 0
69 3 1
23 2 0
40 22 0
64 71 1
11 60 1
11 95 0
8 56 1
59 3 0
8 28 0
97 6 1
20 36 0
18 92 1
52 46 1
52 15 0
100 91 0
66 70 1
29 41 0
58 70 0
85 69 1
11 86 0
12 30 0
63 54 1
63 34 1
15 91 1
89 90 1
65 34 0
26 68 0
88 23 1
47 19 1
57 48 0
54 13 1
36 18 0
67 77 0
23 59 1
9 58 0
94 5 0
53 18 0
26 60 0
27 11 0
62 50 1
41 34 0
47 6 1
87 40 0
67 74 0
97 2 0
60 20 0
50 33 1
19 17 1
45 70 1
56 55 0
75 38 1
25 34 0
27 75 1
15 46 0
1 18 0
32 43 1
53 48 0
21 17 1
98 88 1
55 55 1
58 32 1
14 77 1
12 59 1
65 45 0
21 73 0
74 79 1
90 51 1
31 20 0
9 48 0
25 99 0
20 24 1
69 87 0
39 25 1
99 59 0
34 48 1
68 56 1
39 12 1
83 6 0
11 92 0
89 3 0
87 8 0
100 23 0
91 50 0
46 33 0
83 32 0
70 39 0
34 66 0
77 8 0
68 88 1
46 11 1
74 37 0
15 7 0
92 35 0
15 16 0
90 8 0
79 89 1
43 98 0
8 35 0
38 23 0
30 57 1
45 98 1
85 85 0
51 32 1
9 73 1
37 22 0
8 92 0
80 58 1
83 83 1
43 19 1
65 21 1
72 15 1
76 90 1
55 2 1
24 74 0
80 64 1
3 69 0
59 57 1
42 40 0
49 66 0
80 59 0
45 16 1
7 97 1
76 42 0
36 28 0
51 100 0
39 62 0
91 62 0
76 8 0
54 58 1
95 29 0
3 50 1
98 40 0
72 66 0
56 77 0
60 98 0
40 64 1
37 45 0
23 86 0
70 19 1
49 8 0
18 94 0
74 1 0
69 34 1
59 50 1
32 12 1
27 35 1
38 100 1
98 35 0
3 12 0
53 40 0
26 97 1
32 50 0
86 18 1
48 35 1
38 35 0
12 25 1
34 21 1
48 26 0
8 67 1
26 25 1
56 82 1
84 83 0
16 95 1
2 81 1
87 72 1
54 18 0
87 60 0
65 38 0
90 80 1
4 62 0
53 98 1
4 78 0
36 22 0
86 36 0
37 17 1
26 14 0
54 32 0
17 72 1
28 8 0
22 76 1
36 35 0
68 87 1
40 53 0
90 76 0
6 85 1
80 10 0
77 36 1
76 28 1
7 94 1
33 91 0
14 23 0
14 78 1
83 93 1
49 52 0
31 45 1
50 37 0
6 81 0
67 100 0
44 18 0
4 30 0
71 64 1
96 31 1
80 20 0
98 23 0
15 60 1
74 20 0
54 4 1
96 9 0
6 29 0
80 98 0
74 67 0
69 84 0
6 83 1
41 74 0
6 35 1
89 54 0
14 56 0
31 35 0
69 5 0
16 64 1
13 100 1
89 91 1
93 27 0
80 44 1
24 61 0
83 32 0
48 33 0
48 97 0
94 30 0
88 51 0
53 27 1
86 54 1
16 21 1
60 19 1
32 20 0
10 65 0
5 54 0
43 44 0
30 18 0
2 36 0
41 2 0
45 29 0
9 33 1
14 50 0
58 30 0
25 20 1
89 24 1
5 91 1
68 28 0
10 22 1
56 15 0
45 79 0
79 87 0
66 55 0
30 16 1
22 34 0
72 18 0
52 100 1
25 50 1
40 17 0
19 58 0
91 9 0
36 66 1
11 88 1
66 48 0
47 84 0
57 59 0
51 46 0
51 19 1
10 92 1
98 88 0
26 91 0
94 3 0
35 96 0
65 40 1
36 48 1
44 81 0
83 79 0
24 11 1
28 99 0
80 34 1
34 43 0
36 26 0
2 36 1
47 24 0
65 63 1
9 13 1
44 90 1
82 74 1
84 27 0
3 26 1
10 43 1
89 37 1
10 35 0
17 14 1
13 65 0
27 83 0
67 1 0
77 72 0
25 57 0
29 100 0
73 54 0
93 84 1
14 39 0
62 30 1
21 99 0
60 70 0
33 91 1
65 50 1
94 56 1
34 19 1
29 45 0
27 4 0
100 6 1
98 33 0
8 68 1
83 14 1
90 44 1
45 49 0
58 26 1
74 73 0
61 75 1
18 96 0
55 67 1
45 99 1
18 77 1
33 84 0
99 91 1
89 28 0
63 27 1
4 49 1
81 92 1
40 36 0
68 2 1
14 72 1
2 69 0
80 28 0
72 36 0
13 26 0
70 14 1
55 56 0
14 5 0
7 68 0
31 9 1
6 97 1
24 68 1
42 11 0
2 67 0
24 7 1
47 67 0
8 22 0
64 74 1
85 44 0
81 63 0
57 82 0
89 89 1
51 52 1
48 92 0
20 8 0
90 67 0
79 52 1
18 7 0
60 96 1
61 58 0
84 36 1
32 15 1
1 84 0
14 77 0
96 29 0
21 62 0
33 41 1
5 32 1
14 39 1
66 3 0
88 39 0
57 58 1
5 97 1
1 47 0
35 78 1
37 94 1
9 74 1
26 84 1
27 22 1
22 44 0
9 15 1
27 46 0
35 2 0
92 41 1
29 12 1
9 95 1
22 43 0
1 87 1
71 58 1
14 61 1
90 72 1
88 73 1
94 5 1
90 65 0
59 96 1
79 79 1
42 50 1
23 14 0
80 76 0
65 92 1
83 76 0
62 27 1
15 68 1
71 48 0
16 28 0
87 8 1
11 83 1
17 4 0
97 31 1
1 59 1
50 91 0
62 45 0
8 100 0
84 53 1
94 33 1
31 10 1
5 13 1
36 4 1
86 9 1
3 82 1
81 6 0
6 63 1
55 95 0
48 20 0
76 7 0
60 23 1
5 56 0
93 57 0
25 79 1
9 7 0
73 98 1
50 64 1
8 20 1
99 72 1
29 54 0
4 58 0
50 28 0
88 57 1
12 85 0
67 11 0
48 13 1
92 40 1
6 89 0
31 97 0
15 43 0
2 1 1
82 44 1
26 72 1
56 87 1
83 63 1
97 44 1
41 83 0
34 99 1
79 75 0
15 60 0
58 6 0
48 55 1
79 79 1
13 46 1
72 18 1
55 54 0
76 57 0
82 5 1
32 90 0
35 59 1
11 80 1
65 89 0
62 43 1
42 27 1
34 24 1
74 20 1
8 86 1
23 35 1
90 15 0
54 63 1
53 19 0
59 43 1
38 55 1
60 37 1
9 55 0
8 25 1
33 33 0
93 55 1
97 58 1
52 91 1
78 15 0
37 75 1
98 71 0
76 66 1
18 68 1
42 85 1
31 81 1
29 51 1
33 73 1
54 59 0
99 98 0
59 95 0
23 38 0
22 57 1
7 14 1
75 68 0
38 60 0
71 22 1
69 78 0
64 53 0
10 74 1
97 60 0
42 55 1
11 58 0
13 75 1
19 48 0
72 11 1
26 29 0
15 35 0
86 46 0
60 3 1
28 86 0
88 71 1
98 62 1
63 83 0
10 51 0
2 7 0
68 87 1
30 92 1
60 91 1
60 35 1
51 76 0
96 78 1
80 39 1
84 90 1
6 15 1
6 10 1
9 40 1
32 70 0
13 78 1
80 88 1
59 38 0
11 22 1
89 12 0
76 72 1
1 67 1
72 1 0
40 18 1
16 8 0
36 45 1
24 85 0
81 45 1
100 50 0
13 66 1
21 13 1
97 91 1
51 3 1
11 30 1
11 63 0
67 38 1
24 30 1
100 89 1
43 46 1
80 73 0
60 98 1
11 100 0
69 44 0
74 11 1
6 33 1
63 12 0
16 22 0
33 28 0
73 85 1
10 51 0
19 58 0
7 54 1
84 90 1
82 6 0
42 69 1
16 50 1
53 48 0
40 57 1
81 84 0
34 50 1
52 24 1
23 56 0
42 9 1
87 100 0
12 99 0
38 25 0
76 33 0
81 40 1
51 73 1
71 37 0
75 53 1
31 45 1
78 37 1
64 50 0
5 51 0
86 68 1
73 10 1
31 40 1
21 34 1
23 99 0
94 26 1
96 82 0
54 50 1
43 89 0
50 84 0
91 5 0
77 34 1
76 83 1
75 40 1
33 78 0
5 27 1
13 32 1
44 59 0
16 47 1
66 33 1
37 28 1
20 76 1
63 41 1
4 54 1
44 40 0
42 91 1
22 21 0
47 46 0
19 88 0
62 43 1
63 29 0
96 27 0
26 32 1
87 71 0
73 55 0
76 76 1
94 52 0
39 25 0
84 72 1
78 42 1
82 85 1
47 21 1
28 1 1
63 24 0
8 37 1
33 43 0
29 91 0
66 20 1
84 24 0
40 67 0
31 35 1
17 40 0
13 66 1
44 1 0
22 48 1
74 42 0
68 32 0
21 80 0
5 63 0
46 49 0
81 96 0
72 44 1
68 26 0
76 43 0
96 86 0
60 43 0
1 12 1
20 17 0
53 29 1
52 29 1
87 64 0
49 50 1
28 10 0
69 19 1
38 38 1
4 59 1
35 17 1
77 1 1
29 62 1
11 37 1
73 95 0
38 19 1
14 45 0
35 34 1
26 28 0
95 63 0
25 6 1
28 55 0
72 19 0
71 81 1
78 97 0
32 37 0
34 94 1
41 20 1
11 61 1
12 42 0
88 17 0
24 56 1
78 28 1
4 40 0
56 6 0
79 86 0
67 95 1
84 64 0
98 3 0
84 68 1
22 64 0
67 63 0
19 21 1
93 73 0
9 100 1
94 72 1
71 35 0
91 5 0
78 47 0
52 53 0
72 90 1
34 42 1
14 92 0
3 64 1
76 92 1
64 63 0
25 67 1
67 70 0
40 77 1
69 74 1
1 18 0
20 4 0
65 37 0
76 15 1
55 95 0
77 59 0
89 45 1
87 23 0
62 87 0
14 42 0
81 9 0
13 47 0
93 33 1
77 41 1
64 40 1
46 59 0
17 15 0
41 76 1
3 92 1
94 16 1
91 72 1
85 2 1
36 47 0
2 61 1
2 16 0
10 83 1
66 54 0
99 72 0
37 32 0
44 96 1
77 91 0
47 24 0
50 57 1
11 42 0
88 7 1
34 97 1
26 66 1
97 100 1
36 79 1
47 5 0
78 65 0
86 37 0
2 49 0
72 98 0
15 11 0
97 63 1
63 32 1
73 86 1
90 41 1
44 89 1
42 56 1
41 8 0
27 30 0
23 16 1
94 41 0
86 41 0
18 40 0
81 55 1
27 25 1
60 40 0
93 53 1
32 29 0
78 31 0
6 46 1
98 59 1
94 75 0
69 50 0
6 25 1
23 42 0
30 93 0
57 52 0
98 100 1
6 78 1
95 97 1
49 81 0
32 98 0
14 98 1
20 92 1
18 9 1
54 3 1
61 37 1
8 21 1
11 94 1
8 40 1
42 63 1
43 92 1
73 64 0
27 83 1
57 17 1
75 15 0
44 7 1
44 14 1
74 50 0
41 52 1
68 70 1
61 79 0
45 35 0
22 35 0
89 11 1
79 48 0
54 21 1
22 52 0
44 63 0
56 85 0
89 26 1
81 30 1
43 22 0
52 47 0
49 99 1
37 60 1
93 79 1
67 92 0
72 74 1
22 14 1
54 10 1
43 8 1
81 58 1
87 69 1
37 94 0
35 27 1
86 97 1
38 78 1
92 92 0
99 7 1
99 18 0
73 81 1
30 21 1
47 24 0
47 23 1
54 64 1
28 52 0
76 97 0
32 18 1
46 62 1
38 15 0
74 74 1
18 58 0
99 16 1
75 34 1
38 47 0
19 37 1
86 14 1
34 50 0
26 47 1
98 100 1
41 12 1
27 14 0
76 62 0
44 6 0
100 27 0
11 13 1
66 6 1
84 42 0
12 57 1
85 73 0
73 39 0
89 9 0
98 6 0
66 86 0
81 88 1
97 28 1
25 100 0
86 41 1
92 61 1
80 8 1
29 87 0
25 88 0
65 28 0
8 7 0
8 11 0
95 59 1
8 22 1
96 1 1
11 40 0
74 42 1
20 1 0
57 84 0
90 40 0
79 1 1
28 70 1
76 58 1
2 67 0
38 59 0
27 57 1
15 71 1
19 61 1
4 31 0
16 88 1
18 89 1
24 25 0
99 69 0
27 3 1
100 9 1
88 43 0
66 22 0
9 23 1
89 11 0
19 26 0
51 58 0
76 70 0
53 44 1
17 84 0
1 64 1
67 50 0
93 5 0
31 68 0
98 33 0
82 63 1
85 7 1
36 32 1
6 4 0
100 72 1
92 12 0
73 7 0
39 87 0
99 17 0
10 49 1
82 31 1
85 97 1
29 92 0
27 1 0
6 3 0
2 60 1
24 69 1
45 23 0
16 97 0
39 9 1
76 49 0
83 63 1
40 20 0
67 21 0
51 75 1
53 83 0
52 90 1
44 16 1
79 66 1
8 36 0
92 97 1
88 97 0
65 12 1
44 7 0
98 42 0
18 93 0
19 9 1
55 4 0
37 11 1
18 72 1
10 53 0
12 21 0
58 34 1
12 26 0
100 53 1
87 52 1
57 18 1
79 4 0
43 41 1
9 72 1
42 92 0
19 62 0
78 14 1
26 29 0
1 43 1
54 35 0
90 3 1
89 60 1
34 50 1
42 57 1
45 62 0
33 95 1
54 32 1
60 96 0
95 54 0
38 65 0
41 66 1
84 5 1
24 49 1
45 30 1
47 91 1
65 33 1
64 36 1
90 7 1
56 15 1
69 71 1
70 98 1
63 1 0
96 50 0
52 78 1
20 84 1
33 75 1
43 18 1
57 48 0
38 90 0
73 16 0
64 45 1
48 89 0
86 49 1
76 71 0
80 4 1
59 29 0
11 13 1
23 66 0
40 38 0
20 34 1
17 11 1
35 85 1
77 32 1
3 16 1
4 93 0
35 96 0
10 50 1
86 50 1
68 56 1
42 45 0
39 49 1
74 42 1
90 78 0
70 46 1
46 25 0
42 66 1
75 96 1
94 98 1
5 17 1
7 87 0
67 22 1
75 88 1
44 50 1
12 37 0
28 67 0
25 44 0
40 42 1
90 75 1
15 45 1
18 50 0
87 41 1
58 100 1
82 56 0
16 96 0
97 13 0
80 87 1
3 78 0
30 92 1
58 62 0
23 82 0
67 5 0
80 46 0
45 35 1
11 20 0
34 99 1
64 57 1
49 50 1
6 45 1
50 68 1
70 56 1
37 55 1
75 94 0
75 25 0
78 12 1
75 2 1
32 17 1
22 8 0
29 57 1
92 45 1
35 95 0
86 57 1
45 20 1
56 53 0
53 92 0
8 20 0
10 27 1
38 47 0
96 19 0
95 69 1
59 69 0
34 99 0
69 7 1
87 69 1
60 81 1
59 51 1
1 43 0
98 87 1
63 6 1
11 5 1
45 83 0
76 78 0
1 17 1
49 76 0
88 48 1
74 18 0
41 73 0
87 8 1
4 74 1
43 99 1
10 5 1
83 38 1
43 97 0
72 76 0
66 80 0
21 98 1
98 10 1
41 34 0
94 72 0
44 75 0
35 52 1
80 25 0
23 100 1
98 96 1
11 88 1
60 13 1
98 65 0
91 12 1
51 5 0
86 78 0
78 40 0
27 80 0
38 61 0
34 81 1
94 4 1
24 95 1
11 4 1
1 55 0
73 56 1
38 82 0
84 81 1
88 50 0
83 4 1
24 27 1
2 86 1
46 44 0
44 33 1
46 82 0
73 23 1
19 77 1
20 46 1
10 49 1
29 10 0
84 40 1
42 25 1
79 55 0
74 21 0
45 45 1
75 56 0
9 17 1
26 37 1
69 5 1
22 36 1
9 98 0
94 67 1
100 68 1
24 29 0
52 24 0
7 62 1
11 82 1
47 7 1
6 74 0
8 32 1
76 70 0
82 25 1
52 52 0
88 89 1
88 25 0
56 79 1
52 94 0
24 53 1
51 30 1
67 70 1
65 84 0
49 42 0
20 23 1
2 44 0
12 90 1
91 13 0
62 7 1
29 41 1
39 13 0
57 93 1
59 5 0
96 59 1
86 67 0
100 10 0
58 84 0
64 67 0
10 94 1
46 37 0
15 87 0
76 51 1
30 15 1
68 39 0
66 52 0
2 84 0
28 25 0
48 72 1
16 75 1
35 3 0
84 23 0
30 97 0
19 91 1
50 93 0
5 79 0
97 60 1
62 16 1
66 61 0
50 67 1
60 20 0
94 76 0
49 51 0
39 86 1
46 63 1
32 73 0
78 69 1
75 12 1
41 42 1
40 57 0
13 10 1
27 88 1
24 5 1
12 96 1
39 23 1
94 65 0
40 77 1
93 46 1
45 49 0
5 33 0
39 59 0
41 82 1
62 19 0
81 48 1
39 37 0
39 31 0
44 100 0
82 94 1
68 14 0
28 26 0
93 26 1
9 10 1
70 40 0
6 20 1
72 25 0
44 41 1
79 63 0
43 2 0
17 16 1
64 17 0
6 91 0
71 63 0
100 46 1
91 6 0
99 72 0
13 28 0
35 36 1
76 50 1
88 79 1
86 87 1
13 88 1
78 51 0
13 77 1
14 10 1
79 78 0
95 97 1
17 29 1
50 24 0
70 39 0
23 58 1
1 80 0
49 67 1
75 20 0
14 28 1
78 43 1
33 65 0
90 50 0
6 85 0
32 20 1
54 91 0
39 35 0
37 8 1
67 65 0
90 1 1
19 15 0
1 52 1
20 57 1
32 5 1
54 32 0
86 21 1
9 11 1
69 46 0
22 84 1
82 6 0
67 9 0
23 79 0
12 38 1
59 77 1
10 21 1
48 86 1
72 31 0
16 40 0
40 38 1
70 50 0
39 25 0
75 63 0
79 41 1
44 57 0
53 97 0
62 47 1
93 43 1
28 49 0
100 25 0
83 48 0
90 10 1
26 31 1
94 89 0
39 49 1
76 90 0
63 34 1
7 74 1
94 86 1
12 38 0
55 52 1
86 57 0
93 3 0
90 49 1
74 22 0
89 57 1
100 58 0
25 82 0
8 26 1
62 18 0
34 96 1
51 63 1
53 48 1
72 99 1
29 85 0
85 26 0
29 78 0
26 26 0
52 57 0
27 17 0
66 13 0
91 91 0
89 56 0
56 43 0
3 73 1
12 88 0
13 25 0
1 49 1
48 38 0
53 36 0
76 8 0
13 78 1
64 94 0
99 89 0
98 21 0
27 54 0
21 7 0
23 94 1
63 3 0
99 66 0
57 45 1
22 50 1
27 98 1
39 72 1
83 57 1
82 5 1
63 35 0
58 35 1
15 14 1
39 80 1
1 80 0
81 86 0
42 46 0
38 35 0
98 77 0
62 86 0
80 93 0
38 52 0
70 26 0
93 33 1
97 61 0
96 82 1
71 98 1
31 59 1
21 59 0
81 49 0
73 64 0
72 24 0
82 76 0
60 6 1
28 68 1
41 90 0
26 25 1
24 99 0
94 16 1
22 17 1
26 37 0
14 70 1
63 73 0
14 98 1
45 39 0
25 8 1
34 69 1
54 55 1
10 61 1
60 23 1
44 77 1
45 34 0
29 44 1
31 17 0
97 80 1
72 64 1
59 47 1
93 89 0
47 20 1
47 49 1
17 39 0
12 97 0
94 82 1
18 4 1
57 40 0
47 47 0
33 35 1
27 25 1
84 14 0
64 15 0
40 48 1
31 40 1
37 33 0
66 75 0
51 23 1
85 88 0
63 3 1
56 58 1
40 11 1
98 65 0
98 22 1
57 9 1
54 57 1
76 87 0
51 32 0
39 43 0
77 23 1
17 24 0
1 4 1
70 19 0
77 32 0
29 85 1
40 9 0
95 8 1
34 37 0
32 56 1
21 67 1
9 35 0
37 23 0
33 47 0
55 84 1
32 57 1
97 24 0
77 37 0
98 51 0
2 29 0
97 98 1
53 83 1
87 63 0
31 44 1
87 44 1
4 87 1
46 34 0
42 68 0
88 43 1
90 62 1
80 77 1
39 83 0
97 56 1
42 14 0
18 32 1
10 50 0
6 21 1
2 11 1
50 19 0
98 76 0
42 55 0
80 7 0
45 93 0
42 5 1
70 21 1
55 14 0
60 24 1
15 2 1
86 77 1
97 72 1
69 7 1
31 60 1
15 33 0
80 49 0
91 76 0
86 6 0
66 43 1
56 4 1
79 46 0
47 90 0
88 85 1
19 96 0
13 64 0
1 9 1
83 5 0
26 95 1
8 85 0
77 92 1
13 37 1
89 86 0
5 20 0
53 61 0
60 59 1
60 97 0
45 1 1
53 99 1
1 5 0
83 65 1
71 31 1
89 82 1
97 30 0
9 20 0
53 35 0
48 39 1
81 91 0
67 69 1
44 92 1
20 62 0
5 20 0
49 90 1
12 71 0
63 59 1
98 50 1
60 85 1
48 54 1
3 47 1
23 62 1
48 81 1
46 47 1
49 81 0
98 39 1
28 7 0
94 37 0
69 46 1
53 12 0
26 96 0
90 16 0
44 82 0
84 79 1
22 61 0
70 3 1
49 27 0
26 28 0
16 97 1
31 22 1
40 48 1
75 63 1
93 79 1
2 53 1
51 49 0
29 55 0
52 42 0
74 11 0
27 33 1
40 10 0
61 60 1
89 87 0
19 58 0
13 83 0
11 13 1
78 70 1
61 65 1
54 9 0
67 24 0
26 98 1
52 45 0
37 34 1
100 86 0
53 6 0
26 36 1
49 5 0
98 44 1
49 28 1
54 81 1
94 64 1
24 57 1
23 70 1
52 4 1
91 2 0
32 17 1
50 15 0
71 12 0
100 43 1
33 72 0
42 62 1
63 46 0
45 4 0
14 49 0
11 99 0
1 58 1
97 16 0
45 47 1
93 72 0
1 70 1
98 71 0
4 63 1
94 88 1
23 18 0
14 99 1
86 39 1
14 4 0
45 61 0
83 65 0
45 49 0
66 30 1
36 54 0
10 23 1
61 6 0
96 63 0
99 10 0
76 95 1
46 40 1
28 25 1
21 8 1
61 36 1
97 12 1
52 83 0
63 86 0
42 13 1
86 19 0
73 9 1
91 80 1
19 75 0
86 84 1
5 35 0
80 49 1
21 54 0
54 28 1
36 56 1
43 50 0
4 26 1
42 57 0
97 35 1
89 49 1
68 52 0
74 20 1
39 1 1
83 71 0
43 46 1
1 7 0
81 90 0
44 59 1
55 46 0
75 5 0
94 4 1
83 60 1
53 25 0
57 49 1
85 71 1
14 77 1
70 63 1
69 38 0
12 35 0
66 26 0
46 68 1
37 76 0
15 55 0
8 33 0
26 29 1
50 9 1
12 51 1
82 49 1
9 80 1
18 87 1
81 46 0
87 73 0
54 67 1
21 34 0
34 57 1
53 77 1
23 68 0
72 64 0
27 19 1
27 70 1
28 41 0
15 76 1
38 91 0
25 8 1
85 81 0
39 94 0
84 43 1
63 58 0
39 75 1
75 35 1
26 84 0
43 94 1
39 61 1
33 19 0
92 90 1
1 71 1
36 100 0
69 84 0
57 77 1
41 63 0
8 19 1
49 60 1
16 1 0
79 82 1
72 25 1
51 5 0
29 95 1
33 62 1
21 77 1
20 71 0
78 81 1
63 64 1
94 42 1
53 75 1
97 36 0
12 34 0
35 6 1
57 58 1
29 9 0
79 36 1
71 52 1
28 84 1
73 3 0
13 4 1
23 3 0
89 76 0
18 50 1
94 21 0
86 28 0
61 35 0
87 28 1
33 81 1
8 45 0
17 28 0
29 10 1
9 47 1
39 73 0
99 66 0
57 41 0
28 15 0
57 65 1
92 47 0
61 56 1
76 89 0
2 25 0
78 64 1
69 21 0
39 34 0
39 95 1
35 44 0
24 78 0
47 43 1
2 17 1
27 83 0
37 76 1
20 38 0
86 89 1
55 94 1
74 34 0
60 24 0
39 60 1
51 65 0
89 68 1
56 82 1
4 62 1
18 81 0
80 25 1
84 36 0
51 24 1
27 15 1
74 86 0
79 89 0
95 39 0
35 100 0
85 70 1
50 84 1
1 97 1
16 79 1
100 40 0
70 59 0
69 4 1
19 35 0
20 48 0
99 6 0
72 38 1
66 30 0
66 3 1
100 40 1
66 10 0
39 74 0
71 89 1
28 25 0
58 6 1
48 63 1
12 56 0
27 16 1
68 14 1
62 90 1
57 25 1
75 44 1
90 8 0
74 49 0
59 30 0
27 88 0
10 73 0
5 61 1
61 57 0
63 65 1
26 49 1
27 78 1
96 37 0
87 78 1
9 91 1
51 49 1
44 43 1
41 56 0
77 7 0
99 22 1
66 97 0
22 88 0
17 71 0
91 97 1
33 1 0
86 71 1
78 8 0
23 3 0
68 27 1
32 80 1
52 38 0
30 54 1
67 25 1
86 33 1
73 14 0
37 74 1
3 87 0
5 82 0
18 75 1
29 42 0
46 53 0
7 19 0
88 26 1
41 12 1
16 91 1
35 15 0
38 44 0
87 85 1
49 39 0
95 80 1
18 65 1
7 86 0
11 74 0
56 95 0
13 19 1
40 58 1
63 31 0
99 93 0
61 73 0
44 29 1
25 100 1
83 59 0
36 40 0
30 55 0
7 25 1
80 89 0
75 18 0
77 6 1
29 3 0
83 76 1
72 59 1
63 22 1
92 12 1
93 44 0
22 78 1
95 22 1
14 35 0
22 63 1
73 21 0
14 27 1
13 70 1
63 60 0
95 14 1
3 37 1
25 92 0
17 3 1
38 95 0
65 82 0
95 71 0
65 96 1
27 48 1
6 18 1
10 20 0
37 66 0
23 50 0
65 44 0
76 39 0
23 36 0
19 65 1
49 52 0
63 76 0
18 58 0
26 63 0
63 64 0
47 89 0
15 94 0
51 67 1
13 66 0
33 78 0
82 34 1
37 15 1
46 51 1
6 39 0
39 82 0
83 38 0
73 33 1
9 50 0
8 47 1
79 48 1
86 18 1
48 35 0
40 8 0
16 18 1
97 86 1
24 54 0
87 34 1
73 41 1
62 83 1
100 81 1
23 47 0
22 8 1
56 9 0
86 22 0
54 59 1
59 37 0
82 24 0
44 76 1
3 28 0
41 59 0
73 60 0
45 25 0
47 94 0
55 70 1
31 16 0
44 97 0
83 92 1
81 7 0
12 91 0
7 3 0
45 15 1
35 67 0
33 5 1
74 88 1
63 53 1
8 46 1
8 16 0
39 97 1
46 58 0
28 25 0
8 78 0
44 34 1
43 15 1
66 66 1
20 68 1
43 7 1
72 14 1
44 6 1
32 86 0
52 25 0
67 69 1
16 84 0
61 72 1
49 49 1
83 43 0
36 39 1
48 29 1
19 67 1
52 8 1
17 64 0
59 41 0
73 40 1
42 72 1
10 39 0
85 95 1
57 45 0
99 34 0
39 66 1
78 68 0
90 2 1
39 64 0
91 10 1
23 37 1
78 81 0
75 12 1
82 100 0
15 78 0
36 66 0
63 50 0
34 95 0
49 73 1
71 74 1
30 77 1
31 45 1
69 91 1
40 32 0
87 38 1
26 17 0
13 16 1
27 4 1
43 40 0
100 11 1
19 66 1
78 12 0
42 4 0
92 69 1
97 30 0
66 20 1
40 56 0
20 9 0
82 28 1
85 2 1
7 89 0
94 28 0
79 98 1
50 78 0
44 75 0
57 61 0
17 13 0
75 99 0
51 85 0
86 74 1
27 16 0
4 46 1
82 41 1
60 43 0
64 35 0
3 26 0
12 54 1
55 47 1
29 30 1
95 56 0
44 44 1
75 38 0
58 88 1
60 85 1
62 21 1
100 61 0
48 77 1
49 1 1
58 5 0
88 21 1
95 92 0
72 62 1
38 37 1
3 27 0
25 81 0
13 80 0
21 12 1
79 31 1
8 18 0
22 41 0
40 28 0
96 58 0
52 100 0
39 38 0
63 54 1
18 72 0
19 73 0
10 89 1
8 41 1
88 86 0
22 89 1
21 17 1
13 36 1
64 86 1
65 90 0
3 27 0
24 63 0
77 47 0
69 1 1
18 89 0
54 87 1
92 77 1
65 18 0
30 26 1
92 82 1
24 84 1
56 30 0
43 60 0
5 73 0
100 65 0
6 29 0
62 59 1
53 3 1
84 19 0
18 13 1
81 78 0
45 75 0
79 68 1
79 63 0
61 10 0
31 9 1
33 30 1
89 43 1
19 18 0
58 93 1
70 73 0
94 49 0
65 21 0
77 54 0
89 47 0
21 23 0
100 45 1
32 77 0
68 72 1
78 33 0
99 26 1
25 67 0
91 54 0
24 10 1
81 88 1
39 98 0
97 29 1
62 41 0
96 50 0
19 77 1
59 59 1
28 87 1
49 36 0
44 48 1
100 95 0
100 97 1
25 74 0
58 79 1
94 14 1
15 47 1
44 4 0
70 6 0
79 18 0
100 7 0
98 81 1
22 87 0
30 72 0
7 69 0
65 56 1
39 13 1
48 89 1
66 33 0
65 100 0
24 5 0
78 28 0
37 79 1
41 16 0
24 13 0
1 68 1
17 6 1
63 39 1
88 4 0
20 73 1
48 45 0
28 5 0
50 51 1
84 69 0
93 24 0
48 99 1
27 77 1
85 90 1
12 8 0
6 75 1
33 57 1
83 85 1
38 47 1
99 99 0
19 97 1
82 36 0
9 68 0
57 84 0
46 33 1
91 50 0
63 38 0
54 39 0
47 21 1
67 89 1
35 94 0
9 16 1
96 58 0
63 25 1
30 52 0
17 98 1
2 100 1
14 38 1
53 34 1
94 93 1
15 23 0
21 27 1
59 59 0
8 53 0
79 70 1
43 80 1
40 80 1
51 24 1
90 46 0
3 25 1
2 43 1
42 50 0
45 65 0
89 44 1
92 9 0
89 39 0
62 58 0
36 69 1
28 7 0
23 37 1
10 14 1
8 94 0
32 1 1
32 63 0
33 32 1
95 66 0
15 79 0
80 81 1
98 72 0
83 30 1
21 23 1
20 19 1
24 99 1
76 41 0
88 61 0
3 60 0
5 40 1
6 24 0
24 11 1
86 59 1
55 66 0
87 14 0
61 75 1
79 52 0
57 19 1
35 40 0
59 51 1
88 21 1
64 39 1
77 57 0
35 98 1
48 82 0
49 71 1
7 31 1
88 57 0
2 51 0
67 38 1
43 7 0
62 27 0
68 39 0
87 6 0
90 1 1
97 45 0
52 58 1
47 16 0
64 13 0
15 36 0
63 65 1
61 39 1
72 32 1
96 55 0
52 93 0
28 2 1
67 12 0
14 8 0
26 20 1
3 26 0
1 93 0
16 49 0
20 90 0
77 60 1
15 83 0
91 79 0
3 21 0
14 24 0
61 1 1
73 84 0
54 45 1
44 96 0
44 63 0
97 84 1
54 81 0
67 30 0
3 79 1
90 87 0
49 26 1
82 96 0
26 30 1
93 52 1
67 3 0
4 14 1
60 60 0
47 73 0
8 36 1
77 39 0
66 11 0
13 78 0
26 2 0
28 96 0
30 80 1
27 24 1
74 89 1
2 26 0
8 31 1
86 9 1
58 41 0
86 39 0
60 86 1
77 48 0
9 24 0
5 3 0
8 2 1
10 83 1
18 80 0
44 3 1
4 77 0
3 76 0
47 44 0
94 91 1
79 90 0
100 27 1
59 36 1
90 46 0
2 79 0
65 45 0
52 83 1
82 7 1
76 52 0
6 84 0
19 12 0
13 99 1
92 49 1
48 50 0
62 64 1
13 46 0
1 100 1
10 33 0
2 13 0
63 74 1
49 76 0
88 60 1
40 90 0
6 74 1
9 88 1
98 70 0
43 65 1
14 97 0
65 59 1
24 45 0
11 96 0
32 21 0
41 74 0
17 79 0
45 18 1
52 24 0
5 57 0
34 45 0
65 75 1
90 14 1
50 35 1
65 88 0
10 30 1
37 13 0
56 55 1
59 32 0
70 83 0
91 79 0
2 93 0
5 87 0
14 46 0
34 30 1
95 75 0
98 84 1
29 1 1
17 1 0
39 4 1
74 77 0
62 82 1
14 76 1
65 38 0
75 69 1
42 13 0
65 4 1
40 10 0
84 42 1
98 95 0
42 22 0
5 70 1
51 62 0
11 7 1
49 45 1
75 1 0
13 40 1
77 74 0
76 21 0
44 98 1
48 39 1
88 33 0
83 79 1
83 75 1
6 32 1
75 100 1
58 44 1
51 75 0
72 74 1
7 7 1
85 69 0
15 9 0
50 100 0
31 71 1
85 94 0
17 88 1
54 19 0
55 22 1
97 96 1
50 62 1
63 68 1
40 71 1
15 31 0
41 71 1
41 18 1
55 58 1
28 82 0
62 52 1
79 58 0
10 27 1
39 56 1
27 95 1
91 33 0
33 79 1
11 70 0
67 50 1
4 14 1
24 35 0
25 27 0
58 43 1
3 91 0
50 51 0
17 34 0
14 81 1
23 53 0
7 97 1
47 32 0
38 44 1
68 36 1
95 25 0
98 90 0
1 100 0
87 100 1
77 96 0
52 90 1
62 12 0
87 85 0
90 56 0
14 50 1
72 73 1
77 6 0
53 51 0
90 32 1
11 73 0
92 31 1
41 95 0
86 86 0
66 60 0
49 79 1
45 41 1
1 43 1
99 95 0
5 29 1
28 62 0
92 98 1
100 39 0
55 51 0
68 21 1
30 51 0
91 46 0
56 94 0
19 93 0
63 100 1
56 30 0
95 58 1
30 28 1
50 57 0
97 90 1
4 79 0
36 2 0
28 19 1
49 40 1
34 51 0
76 97 0
22 83 0
62 56 0
67 3 0
41 34 1
78 43 0
36 66 1
17 83 0
45 79 1
35 84 1
48 80 0
89 7 0
43 36 0
93 61 1
98 37 0
97 88 1
75 61 1
44 29 0
16 11 0
94 1 1
88 85 0
6 45 1
8 66 0
18 69 1
95 46 0
40 31 0
10 96 1
25 23 0
7 40 0
45 74 0
61 76 1
58 2 1
24 5 0
41 99 0
86 42 0
62 82 0
49 49 0
38 27 0
81 25 1
99 40 1
93 51 1
23 43 0
12 41 1
23 34 1
4 23 1
68 51 0
72 93 0
33 20 0
34 5 1
49 35 0
11 75 1
97 14 1
32 47 0
72 15 0
58 65 1
53 87 0
74 3 1
5 92 0
46 14 1
38 92 1
9 91 0
93 79 1
89 17 0
67 52 1
69 36 0
40 70 0
57 39 1
66 9 0
84 90 1
52 7 1
24 2 1
38 49 1
20 59 0
17 6 0
51 49 1
36 67 0
72 10 0
44 54 0
32 6 1
12 3 0
75 55 0
35 41 1
26 51 1
79 57 0
11 74 0
20 51 1
87 52 1
39 9 0
88 97 0
23 23 0
41 8 0
4 61 1
77 40 1
54 51 0
65 31 0
65 25 1
45 76 1
88 91 0
43 52 1
30 91 0
63 11 1
27 69 1
99 17 1
92 20 1
87 4 0
12 54 0
6 72 0
79 66 1
71 41 0
18 42 1
59 69 1
44 17 0
86 44 1
90 57 1
71 17 0
11 50 0
55 40 0
53 77 0
87 47 0
28 20 1
21 3 1
70 89 1
87 30 1
74 58 0
21 7 0
22 72 1
81 36 1
51 23 1
100 58 0
52 36 1
10 22 1
71 18 1
68 14 0
41 14 0
91 16 0
17 56 0
46 98 0
88 52 0
79 32 1
8 33 1
15 68 0
32 81 1
69 47 0
49 12 1
78 82 0
73 86 1
91 17 1
63 95 0
59 84 0
26 87 1
65 79 1
100 90 0
37 22 1
6 80 0
34 78 0
83 48 1
22 24 0
85 47 1
1 26 1
62 49 1
67 19 0
97 15 1
77 87 0
50 14 0
18 57 0
49 75 0
54 87 0
27 45 1
63 32 0
5 17 1
98 98 0
20 95 0
52 36 0
100 77 1
5 54 0
6 16 0
17 78 0
4 16 1
53 4 1
6 15 0
56 38 1
57 47 1
2 30 1
36 44 0
59 2 1
80 41 1
77 68 0
55 51 0
25 90 1
97 51 1
57 63 1
80 60 0
61 55 1
75 13 1
41 52 0
82 16 0
35 17 0
80 59 1
81 10 0
10 88 1
22 61 1
33 63 1
50 47 0
4 99 0
24 86 1
79 45 0
81 2 1
53 29 1
81 22 0
43 97 0
77 14 0
11 46 0
4 44 1
75 7 0
62 50 1
86 95 0
83 43 0
77 40 1
8 39 0
88 50 0
91 77 1
11 26 1
67 55 1
34 17 1
58 65 1
53 82 1
62 5 0
49 77 0
8 39 1
44 87 1
51 96 0
49 92 1
97 52 1
46 46 1
1 6 1
19 86 0
70 63 0
76 25 1
88 26 1
8 94 0
52 97 0
91 90 0
26 5 0
83 70 0
37 51 0
44 92 0
57 12 0
82 45 0
91 82 1
71 69 1
24 61 0
51 91 0
6 18 0
75 69 0
96 20 1
96 14 0
49 67 0
89 73 0
87 88 0
28 46 1
1 22 1
1 76 0
17 98 1
87 44 1
78 22 0
65 2 0
85 30 1
41 30 1
53 17 1
51 42 1
88 7 1
18 66 1
38 24 0
2 71 0
39 3 1
57 95 1
96 67 1
6 40 0
36 24 1
10 18 0
78 99 1
95 43 0
54 65 0
44 4 0
33 48 1
100 93 0
97 99 0
89 81 1
27 88 0
97 5 1
62 43 1
96 45 0
37 21 1
75 32 0
68 95 1
41 89 1
20 83 1
2 100 0
50 51 1
72 94 0
61 57 0
38 67 1
60 26 0
62 60 0
54 94 0
28 76 0
62 88 0
26 88 1
14 89 1
27 40 1
35 76 0
92 15 0
66 7 0
43 54 0
63 2 0
16 82 0
56 87 1
81 86 0
13 13 1
45 16 0
45 31 1
54 90 1
68 59 1
20 30 1
59 40 0
1 85 0
20 22 1
61 76 1
96 48 0
100 47 1
77 73 1
73 80 1
64 93 0
3 94 1
91 39 1
36 78 0
90 87 1
63 99 1
63 7 0
97 85 0
23 49 0
43 7 0
1 92 0
97 69 0
92 4 1
47 49 0
19 80 1
7 5 1
97 68 1
68 79 1
14 51 1
35 5 0
2 69 0
44 95 1
90 5 1
6 62 0
88 61 1
34 20 0
11 63 1
84 41 0
68 71 1
36 24 0
96 38 1
7 85 0
60 33 1
65 7 0
97 81 1
88 12 1
84 72 1
96 71 1
16 55 1
56 55 1
16 55 0
93 20 0
65 35 1
97 57 1
45 11 0
21 100 0
76 16 0
74 92 0
97 94 1
66 27 1
10 73 1
63 20 1
18 100 1
39 98 0
15 91 1
9 72 1
51 9 1
71 85 0
89 93 0
20 19 0
46 53 0
71 60 1
4 8 1
28 66 0
17 35 1
37 25 1
40 26 0
53 73 1
25 64 1
39 12 1
40 13 1
94 99 1
24 72 0
16 62 1
24 62 1
76 23 0
81 74 0
55 22 0
75 60 0
35 70 0
94 83 1
12 27 0
84 45 1
91 44 0
46 79 0
1 84 1
41 10 0
56 32 0
11 95 0
74 32 1
68 16 0
84 59 1
36 58 0
55 72 0
17 6 1
64 79 1
9 1 0
64 48 1
12 74 0
44 64 0
81 4 1
62 79 1
27 29 0
39 87 0
6 8 1
66 39 0
2 65 0
73 22 1
2 23 1
44 100 0
24 8 0
75 85 0
89 100 1
40 74 1
57 56 1
83 100 1
11 42 0
33 45 0
62 98 0
25 13 0
55 65 0
74 16 0
69 97 0
12 54 0
47 70 1
22 54 1
75 84 0
12 18 1
51 65 0
77 33 0
83 50 0
85 47 0
63 64 0
21 51 0
12 9 1
2 9 1
26 89 1
64 65 0
43 13 1
65 69 0
1 25 1
40 26 0
12 2 0
3 12 0
59 38 0
87 61 1
65 39 1
82 49 1
40 13 0
63 82 0
8 28 0
95 25 1
62 87 1
47 26 0
24 53 0
68 30 0
3 31 0
67 25 1
36 88 0
65 64 1
97 18 1
100 82 1
4 93 0
85 22 0
99 45 0
11 22 1
98 2 1
76 81 1
50 37 0
74 51 1
99 82 1
61 96 0
48 20 0
15 14 1
28 35 0
46 49 0
98 84 0
37 86 1
46 16 0
20 47 0
95 4 0
9 61 1
47 82 0
4 35 0
28 41 1
55 65 1
10 80 0
100 32 1
3 61 0
12 28 1
37 19 0
20 45 0
50 100 1
7 67 1
60 73 0
33 35 1
63 90 0
4 58 0
40 97 0
85 96 0
29 54 0
63 54 0
20 41 1
56 1 1
46 63 0
37 73 1
59 33 1
69 91 0
36 36 0
71 24 0
45 52 0
13 95 0
32 70 0
63 20 1
35 96 1
18 97 0
36 98 0
49 25 0
94 39 1
34 58 0
100 9 1
5 50 1
74 82 0
45 100 1
45 50 1
93 12 0
77 14 1
77 85 1
13 98 1
48 72 1
70 83 1
11 11 0
98 84 1
5 56 1
31 24 0
82 67 0
16 96 1
1 62 1
46 8 0
85 68 0
96 31 1
47 45 1
24 74 0
8 57 0
76 87 1
30 4 1
97 39 1
97 39 0
56 51 0
5 18 0
39 4 1
69 91 0
35 25 0
22 30 1
23 2 1
32 38 0
31 62 0
32 49 0
51 62 1
34 78 0
37 10 1
20 61 1
56 88 1
86 78 1
40 2 0
42 58 1
12 100 1
44 67 0
42 52 1
49 30 0
92 28 0
55 17 0
45 78 1
75 38 1
16 98 1
46 49 0
25 55 1
1 56 0
22 23 0
88 24 0
93 37 0
84 99 0
6 27 0
69 89 0
50 79 1
25 65 0
77 26 0
66 45 1
2 52 0
10 20 0
22 63 0
45 71 1
74 53 1
47 97 1
90 51 1
57 76 1
61 76 1
33 57 0
65 22 0
44 15 0
97 1 0
57 41 0
19 35 0
73 89 0
40 99 0
21 17 1
39 89 0
92 70 1
44 15 1
70 75 0
61 34 1
21 85 0
77 42 0
87 87 1
44 45 0
94 15 0
89 67 1
77 21 0
8 42 0
93 9 0
92 74 0
85 5 1
14 33 0
51 30 0
46 14 0
96 61 0
45 28 1
9 64 0
70 39 1
17 55 1
13 87 1
40 9 0
77 13 0
96 85 0
52 26 1
33 89 0
15 40 0
96 84 1
96 16 1
19 82 1
47 12 0
15 2 0
41 41 1
100 34 0
95 21 1
66 84 0
17 44 1
57 75 1
32 32 1
48 62 0
28 14 0
49 42 0
14 57 1
58 69 0
22 45 0
8 91 0
6 46 0
47 84 0
22 6 1
72 92 1
8 36 0
7 72 0
64 22 0
37 13 0
60 50 0
87 84 1
83 27 1
97 10 1
84 54 0
88 88 0
20 80 1
10 21 1
8 51 1
50 76 0
6 56 1
42 53 0
63 79 1
62 65 0
23 84 0
54 16 0
28 71 0
39 67 0
57 71 1
31 26 0
40 88 0
48 49 1
50 28 0
11 73 0
71 66 1
28 59 0
40 89 1
69 8 0
52 49 0
50 7 0
99 83 0
4 57 1
42 6 1
95 96 1
80 87 0
67 69 0
20 17 1
99 1 0
43 8 1
41 3 1
30 98 0
92 28 1
19 46 1
89 21 1
74 37 1
18 9 1
14 43 1
57 6 1
100 43 0
40 8 1
6 32 0
83 21 1
40 57 1
73 29 1
41 21 1
52 51 0
7 20 1
54 60 1
71 56 1
52 28 0
22 47 1
96 83 1
58 36 1
3 33 0
25 33 1
25 43 0
74 48 1
90 65 1
26 42 1
55 92 0
55 45 0
48 77 1
45 23 0
20 20 0
39 20 0
37 46 0
57 55 1
97 95 0
45 69 1
37 92 1
94 91 0
86 50 0
15 23 1
67 42 0
8 23 1
78 45 0
21 44 0
53 81 1
53 13 1
72 54 0
24 82 1
29 95 1
34 6 0
62 9 0
51 74 0
98 29 1
4 90 0
31 67 1
84 39 0
16 74 0
45 91 0
35 53 1
59 7 0
56 90 0
29 85 1
61 83 0
1 83 1
65 65 0
98 80 0
57 28 0
81 12 0
53 55 1
27 64 1
8 69 0
3 100 1
15 41 1
89 59 0
24 42 1
75 52 0
66 80 1
67 1 1
7 80 1
50 82 1
2 15 1
100 31 1
15 76 1
81 58 1
56 96 1
56 89 1
47 81 1
39 40 1
72 67 0
38 30 1
17 11 0
51 8 0
84 66 1
16 9 1
6 25 0
86 93 1
67 45 0
51 41 0
52 88 0
25 22 1
47 19 1
31 37 0
22 69 1
99 96 1
66 69 1
98 96 0
91 8 0
54 65 1
32 49 0
38 23 1
20 40 1
63 64 0
96 33 0
96 26 1
25 79 0
4 67 1
69 39 0
49 70 1
5 75 1
97 82 1
8 79 0
52 66 0
78 83 1
85 19 1
89 77 0
94 40 0
95 1 1
18 68 1
32 80 1
76 99 1
58 44 0
65 64 0
28 99 1
55 53 0
59 33 0
15 80 1
96 28 1
64 8 0
78 91 1
87 65 1
89 63 0
64 92 1
68 79 1
23 59 1
75 93 0
90 19 1
30 24 1
21 47 0
32 70 1
68 50 1
19 19 1
53 35 0
91 91 0
10 30 1
80 16 0
81 59 0
13 21 1
15 100 0
27 89 1
87 28 1
62 22 0
87 30 1
49 6 0
84 58 1
38 41 1
13 95 0
73 75 1
54 98 1
79 3 0
73 70 1
59 29 0
54 80 0
96 33 1
80 80 0
31 86 0
5 20 0
72 86 1
70 9 1
30 85 0
99 67 0
20 77 1
20 86 1
77 91 1
78 49 0
19 32 0
11 35 0
7 60 0
91 21 0
13 40 0
10 99 1
48 99 0
100 23 1
40 77 0
90 72 0
17 14 0
86 97 1
16 23 0
94 100 1
7 72 0
13 3 1
92 11 1
58 54 1
17 20 0
50 98 1
24 61 1
43 47 1
29 44 0
56 45 1
8 93 0
2 36 0
74 44 0
35 75 1
61 22 0
60 26 0
52 23 0
57 88 1
75 94 1
51 31 1
5 94 0
96 43 1
59 89 1
39 33 0
7 59 1
81 8 0
15 50 0
51 27 1
56 6 0
27 3 1
83 25 1
48 1 1
17 58 1
41 5 0
36 82 0
80 39 1
73 73 0
74 13 0
66 59 1
27 82 1
85 78 1
83 33 1
27 3 1
7 22 1
92 92 0
75 40 1
30 88 1
63 25 1
47 85 0
38 87 0
62 88 0
53 80 1
24 29 0
71 45 1
26 95 1
95 30 0
43 66 1
17 88 1
80 47 0
83 87 0
22 21 0
62 74 1
15 34 1
57 83 0
50 72 0
23 3 0
28 64 0
80 60 0
78 95 0
72 91 1
44 63 0
86 89 1
87 46 1
2 3 0
24 63 1
60 99 1
98 60 1
90 52 0
51 73 0
34 26 0
28 18 1
90 81 0
6 90 0
8 5 0
63 46 1
22 9 1
41 53 1
19 66 1
9 91 1
26 87 0
1 22 1
88 55 1
74 88 1
5 74 1
8 37 0
2 18 0
47 24 1
14 29 0
44 63 0
66 29 0
54 72 1
93 3 1
17 49 0
84 53 0
91 5 1
22 80 0
29 40 1
96 30 1
7 96 0
15 95 0
45 87 1
56 4 0
34 8 1
48 72 0
22 8 0
99 46 0
100 34 1
16 27 0
52 63 0
56 94 1
78 32 1
4 15 1
95 47 1
19 87 0
9 16 0
3 99 1
1 94 1
45 23 0
100 58 1
10 79 1
80 89 0
75 62 0
82 94 1
15 20 0
69 51 1
82 79 0
2 58 1
95 19 0
58 69 1
12 66 1
30 82 1
25 44 0
97 48 0
71 21 1
74 35 1
30 20 0
9 10 1
54 47 0
50 18 0
91 42 1
68 99 1
66 64 1
29 41 0
27 26 0
61 51 1
1 57 0
28 1 1
4 35 1
78 35 0
34 26 1
39 29 0
68 20 0
81 72 0
77 77 1
8 32 0
18 92 1
1 20 1
58 56 1
41 79 0
73 46 0
57 91 0
83 51 0
22 41 1
1 48 0
94 23 0
91 98 0
97 30 1
35 3 0
50 10 1
86 8 1
55 38 0
68 29 0
52 59 0
17 19 0
28 26 1
64 51 0
47 93 1
27 83 0
93 23 0
11 23 0
50 93 1
49 92 0
5 44 0
43 33 1
58 53 1
54 59 0
67 44 1
3 96 1
31 74 1
48 69 1
82 1 0
24 100 1
36 64 0
33 14 0
88 87 0
56 8 0
95 38 0
68 99 1
9 78 1
61 27 0
70 28 0
45 72 0
48 100 0
30 41 1
1 70 1
19 32 1
99 91 0
31 97 1
95 17 0
30 5 1
13 35 0
10 20 1
87 23 1
30 25 1
8 61 0
53 46 0
79 71 1
31 8 0
43 25 0
49 79 1
62 100 1
85 3 0
87 64 1
31 32 1
92 28 1
84 39 1
76 76 0
17 80 1
68 52 0
11 42 1
53 29 1
93 74 1
27 18 0
52 85 0
63 72 1
44 29 0
19 43 0
62 68 0
99 28 0
42 56 0
12 40 0
35 11 0
45 66 0
94 94 1
96 39 1
59 6 0
94 95 1
53 18 0
25 70 0
78 45 0
89 74 0
70 47 1
42 1 0
75 72 0
74 33 0
62 15 1
74 20 1
26 12 1
77 41 1
17 80 1
61 88 0
83 55 0
56 41 0
77 30 1
66 18 1
79 68 0
59 97 1
22 81 0
55 84 1
56 38 1
31 73 0
74 88 0
54 70 1
66 11 1
22 59 1
3 30 0
50 1 1
24 52 1
8 74 1
32 78 1
58 31 1
39 55 1
94 27 0
43 65 1
45 16 0
9 1 1
12 72 1
70 100 1
97 20 0
97 91 0
8 67 0
56 66 1
63 83 1
94 12 1
47 77 1
50 2 0
18 74 1
21 100 1
88 18 0
22 17 0
84 74 1
12 95 1
57 32 0
6 28 1
9 59 1
70 1 1
96 26 0
62 43 0
71 51 1
11 5 0
65 77 0
29 94 0
85 73 0
66 59 0
36 97 0
95 33 0
92 86 1
17 70 0
97 94 0
96 9 0
16 12 1
52 77 1
42 19 0
77 96 1
51 75 1
34 39 1
89 93 1
86 10 0
51 46 1
38 10 1
68 53 1
29 66 1
53 47 1
86 40 0
98 18 1
32 42 0
48 48 0
8 42 0
58 24 1
51 63 0
40 16 1
24 88 0
22 5 1
28 60 0
96 31 0
57 58 1
39 71 0
91 47 0
3 42 0
54 23 1
34 97 1
77 15 0
53 3 1
16 64 1
21 36 0
37 5 0
8 19 1
9 87 0
46 79 1
95 15 0
15 78 0
89 29 0
38 77 1
82 4 1
11 17 0
43 34 1
52 58 1
62 74 0
87 15 0
84 61 1
35 33 0
69 54 1
69 17 1
36 98 0
63 48 1
1 43 0
44 34 0
87 50 1
96 94 0
7 98 0
92 12 1
61 82 1
93 32 1
77 33 0
10 30 1
85 62 0
15 23 0
92 14 0
49 96 0
8 2 0
5 8 0
12 45 1
49 21 0
61 30 1
41 71 0
84 45 1
44 11 1
1 41 0
2 54 1
21 4 1
65 11 0
97 84 0
92 58 1
35 44 0
49 67 1
81 61 0
56 24 1
50 85 0
84 44 0
25 69 0
92 37 0
87 4 1
56 65 0
21 61 1
22 6 0
47 95 1
21 5 1
46 43 0
42 76 0
54 97 1
4 7 0
83 27 0
87 40 1
30 17 1
40 53 0
66 21 0
34 91 0
83 8 1
87 83 0
47 95 0
97 75 0
51 95 1
22 90 0
91 68 1
40 27 1
73 4 0
74 5 0
68 77 1
99 67 0
84 79 0
56 88 1
48 100 1
28 86 1
14 1 1
34 68 0
71 98 0
46 37 0
99 87 1
45 61 0
30 97 0
89 53 1
11 36 1
41 81 1
39 45 0
65 60 0
35 71 1
75 100 0
52 61 0
94 30 1
95 92 1
26 61 0
65 98 1
12 18 0
28 67 1
35 88 0
87 53 0
75 47 1
21 21 1
5 77 1
89 31 0
61 77 0
65 71 0
69 83 1
94 27 1
65 30 1
19 42 1
85 17 0
11 6 1
83 1 1
26 6 0
97 17 0
3 72 0
38 98 1
95 90 0
70 82 1
40 49 1
25 19 0
100 57 1
13 18 0
74 15 0
46 92 1
43 93 1
31 70 0
9 81 0
64 46 1
34 90 0
69 31 1
92 11 1
5 15 0
44 31 0
75 42 1
100 67 0
5 57 1
11 59 0
95 39 1
45 46 1
75 96 0
15 92 0
53 98 1
15 70 1
14 55 0
19 83 0
47 59 0
5 54 0
61 100 0
94 20 1
36 57 0
1 98 1
12 93 1
18 10 1
79 20 1
16 91 1
57 6 0
89 7 1
23 26 0
36 52 0
2 93 1
66 8 0
36 83 1
95 20 1
44 96 0
39 22 1
30 58 1
27 17 1
8 27 0
44 70 0
65 18 1
76 49 0
69 89 1
94 80 0
20 23 0
66 86 0
11 36 0
82 79 0
87 48 0
44 94 0
4 62 0
54 84 0
79 21 0
77 35 0
26 71 0
71 53 1
62 8 1
98 75 0
72 6 1
83 7 0
25 36 1
56 82 1
36 49 1
6 67 0
8 51 0
50 53 1
28 20 0
31 60 0
34 37 1
87 80 0
100 77 1
47 71 1
31 50 1
24 59 0
64 55 1
72 84 1
64 93 1
21 18 1
4 42 0
4 13 0
99 6 1
15 97 0
87 2 1
76 99 0
61 81 1
71 1 0
19 75 0
93 82 0
62 22 1
46 26 1
30 53 0
33 10 0
31 37 1
71 90 0
99 17 0
30 1 1
12 36 0
51 7 1
42 49 0
51 35 1
79 88 1
93 64 0
8 11 1
63 77 0
88 90 0
66 60 1
15 43 0
3 20 1
12 66 1
88 21 0
77 38 1
43 50 0
91 23 0
43 95 1
59 56 1
44 58 1
37 30 0
88 81 0
71 52 0
99 57 0
66 72 0
4 12 1
24 27 0
71 69 1
93 42 1
48 5 0
83 39 1
18 38 1
35 17 1
69 20 0
33 7 1
99 81 0
85 31 0
47 60 1
73 34 0
74 82 1
24 50 0
2 50 0
78 43 1
75 33 1
29 98 1
38 79 1
47 80 1
78 58 1
46 52 1
44 26 0
67 74 1
29 94 1
86 19 1
56 93 1
98 56 1
41 60 1
60 70 0
1 89 0
50 18 1
43 18 0
87 62 0
98 56 1
11 35 1
47 30 1
17 32 0
78 100 0
94 11 0
78 9 1
23 62 0
39 88 0
52 33 0
7 10 1
70 96 0
31 78 0
12 39 1
29 19 0
71 51 1
95 15 0
17 82 0
45 71 0
46 40 1
26 73 0
28 55 0
48 43 1
25 3 0
35 28 1
12 98 0
76 49 1
41 76 1
76 38 0
38 94 0
89 7 1
40 13 1
60 20 0
23 94 0
47 67 0
62 18 1
48 45 1
15 53 1
5 58 1
72 90 1
13 90 0
30 59 0
27 10 1
4 56 1
54 14 0
65 25 1
54 44 0
63 72 1
51 66 0
33 24 0
32 97 1
60 71 0
42 18 1
39 40 1
100 34 0
56 9 0
13 87 0
12 48 0
90 71 1
4 99 1
80 81 0
74 10 1
24 82 0
27 10 0
64 14 0
21 24 1
78 6 1
10 39 1
93 33 1
54 66 1
86 26 1
40 38 0
73 75 1
7 40 0
92 58 1
50 80 1
97 64 1
17 63 1
87 57 1
69 15 1
51 71 0
38 91 1
28 1 0
88 45 0
50 16 1
60 23 0
18 78 1
27 69 1
83 48 0
24 70 0
15 21 1
86 4 0
86 26 0
39 70 1
52 32 0
48 51 1
85 96 1
71 54 1
80 74 1
47 98 1
81 77 1
59 45 0
93 11 1
11 48 0
41 6 1
79 57 1
42 31 0
30 76 0
53 58 0
5 24 0
86 37 1
82 7 0
90 17 1
53 79 0
28 15 0
47 64 1
5 56 0
82 19 0
91 87 1
71 69 1
23 88 0
14 52 1
37 77 1
2 33 0
80 31 0
80 9 0
66 18 1
87 89 0
96 99 1
55 64 0
3 46 0
60 47 1
95 11 1
81 84 1
50 54 0
5 62 0
6 32 0
56 69 0
33 2 1
3 30 0
84 95 0
86 48 0
74 97 0
61 99 1
90 13 0
98 78 0
47 44 1
61 99 1
52 68 1
59 3 1
24 3 0
74 5 0
16 77 0
6 17 0
54 9 0
39 58 1
76 65 0
83 33 0
28 69 0
44 44 1
30 60 0
29 35 0
40 32 1
69 11 0
97 70 0
34 83 0
87 76 1
14 45 1
10 15 1
53 73 1
5 42 0
78 34 1
41 15 1
5 40 1
93 96 1
92 28 1
32 82 1
61 5 0
16 1 0
40 38 0
77 28 1
55 60 0
26 48 1
66 32 1
97 5 0
59 72 0
42 90 0
60 53 0
41 28 1
33 25 1
10 74 1
56 81 0
49 39 0
57 7 1
38 35 1
87 62 0
54 36 1
43 99 1
74 94 1
34 10 1
75 49 1
99 78 1
80 66 0
62 72 0
2 39 0
24 99 1
9 9 0
55 44 1
84 25 1
86 41 1
80 73 1
52 44 1
96 95 0
65 24 0
53 88 0
33 58 1
59 21 0
96 66 0
48 10 1
63 62 0
84 73 1
14 24 0
72 78 0
49 41 1
93 64 0
42 37 1
86 92 1
29 51 1
77 26 1
10 27 0
75 51 1
49 28 0
35 72 1
7 61 1
32 12 0
22 78 0
52 73 1
62 48 1
66 3 0
39 8 1
99 10 0
77 6 0
39 77 0
37 30 0
35 46 1
86 94 1
98 87 0
4 99 1
11 33 1
52 31 1
1 57 1
43 82 1
90 11 1
91 54 1
38 95 1
6 85 0
38 99 0
44 24 1
15 81 1
53 72 1
68 72 1
21 72 0
22 57 0
47 41 0
94 33 1
78 17 1
21 70 0
36 24 1
7 61 1
1 83 1
45 22 1
24 43 0
54 43 0
56 71 1
20 72 0
98 66 0
27 87 0
3 73 1
94 26 0
75 63 0
21 26 0
45 14 1
1 80 0
98 7 0
19 67 0
57 18 1
16 64 0
84 68 0
87 1 1
58 79 1
47 89 1
85 57 1
55 50 1
99 47 0
56 80 1
80 21 1
72 31 0
53 88 0
45 50 0
96 68 0
83 3 0
11 68 1
29 19 1
32 68 0
11 71 0
94 22 1
11 26 1
46 95 1
64 100 0
84 41 0
3 42 0
70 20 0
38 34 1
34 86 1
70 28 1
29 100 0
72 24 0
92 90 1
16 14 1
19 80 0
79 64 0
30 97 1
47 45 1
20 57 1
97 30 0
43 7 0
51 78 1
34 56 1
30 18 0
47 74 0
23 96 0
93 50 0
34 21 0
79 3 0
80 47 1
67 47 1
2 33 0
98 64 1
93 48 0
6 49 0
38 20 1
20 91 0
24 58 1
98 51 1
83 8 1
52 35 0
79 60 0
95 32 0
99 82 0
72 72 0
40 82 0
3 54 1
14 71 0
62 59 0
91 72 1
68 52 1
35 17 0
78 100 1
70 85 1
86 81 0
47 28 1
99 16 0
80 84 0
54 82 1
51 23 1
47 39 0
18 9 0
27 29 0
30 69 1
98 87 1
25 50 0
41 16 0
12 100 0
60 69 1
98 24 0
7 28 0
67 67 1
87 61 0
8 44 0
29 43 0
35 100 1
89 75 1
99 6 0
8 83 1
18 87 0
78 5 1
38 6 1
96 97 0
14 68 1
76 45 0
40 5 1
9 8 0
51 27 1
27 38 0
91 3 1
97 48 0
90 46 0
13 44 1
74 89 0
97 1 1
71 39 0
41 94 0
40 61 0
74 74 1
12 54 0
75 78 1
83 78 1
60 87 1
96 42 1
74 59 1
16 74 0
56 31 0
8 48 1
64 98 1
65 25 0
70 70 1
58 86 1
41 39 0
89 33 0
37 76 1
65 5 1
30 76 1
36 52 0
27 41 1
77 84 1
35 50 1
59 18 1
28 100 0
94 70 1
77 65 1
56 80 0
55 50 0
48 70 1
49 25 0
69 98 0
48 78 0
48 96 1
3 80 1
55 45 1
96 14 1
63 37 0
45 34 0
51 41 0
40 84 1
61 31 0
24 24 0
28 74 1
89 70 1
91 17 0
81 34 0
93 57 0
23 72 1
54 29 0
95 34 1
17 8 0
55 41 1
74 7 0
89 30 1
27 42 0
49 57 0
63 45 1
87 80 0
40 61 1
61 63 1
13 27 1
5 62 1
89 16 0
11 49 1
58 67 0
66 89 0
14 84 1
90 84 1
30 66 0
61 59 1
60 51 1
62 5 1
71 50 0
28 80 1
33 16 0
71 40 1
13 59 1
29 61 1
69 7 1
27 57 0
16 97 1
99 34 0
10 55 0
20 57 0
19 67 1
32 16 1
90 50 1
24 50 1
97 42 0
55 26 1
16 28 0
41 62 0
53 61 1
27 28 0
88 37 1
14 46 1
54 26 0
88 6 0
50 31 0
83 38 0
49 78 1
90 59 1
53 49 1
83 41 1
37 56 0
88 14 1
60 27 0
70 26 1
79 56 0
60 75 1
83 58 1
81 93 1
86 61 1
91 40 0
77 94 1
80 58 1
83 67 0
34 17 0
87 72 1
49 31 1
75 9 1
6 78 1
38 16 1
78 11 1
63 93 1
81 85 0
16 55 1
38 46 1
85 92 1
100 22 0
52 11 1
90 4 1
16 30 0
12 53 1
9 24 0
89 10 1
64 36 0
61 63 1
5 91 1
95 99 0
28 48 1
39 84 1
6 84 0
30 42 0
60 87 0
54 81 0
98 11 1
10 96 0
98 21 0
85 60 0
76 61 1
76 27 0
21 82 0
87 92 1
98 17 0
3 60 1
45 91 1
13 99 0
23 75 1
23 57 1
63 31 1
52 97 0
19 18 0
58 81 0
23 86 0
26 12 1
80 45 0
53 11 1
98 50 1
5 52 0
91 11 0
42 11 0
65 55 1
66 87 0
37 97 0
28 24 0
20 1 0
94 32 1
78 91 0
92 15 1
96 46 0
36 54 1
47 92 0
92 6 0
2 3 1
34 59 0
88 68 0
65 68 1
29 88 0
81 45 1
18 90 0
62 71 0
34 66 1
95 54 1
68 54 1
78 26 0
67 53 0
52 13 0
94 41 1
20 37 1
55 62 1
74 78 0
27 88 1
53 60 1
90 50 0
31 34 0
17 38 1
30 52 1
87 93 0
33 17 0
58 35 0
44 31 0
98 86 0
15 6 1
93 89 1
3 38 1
19 91 1
65 57 1
9 9 1
70 77 1
45 16 0
62 96 1
53 24 0
66 56 0
79 86 0
32 52 1
43 9 0
29 1 0
48 84 0
40 41 1
94 91 0
28 78 0
18 84 0
85 11 0
9 95 0
8 23 1
63 99 0
84 49 0
72 22 1
6 35 0
10 85 0
7 69 1
42 43 1
55 36 1
1 87 1
17 2 0
29 37 1
66 40 0
99 90 0
7 27 1
36 69 1
98 14 0
37 62 1
15 57 0
50 46 1
54 25 0
88 78 0
44 5 0
24 6 1
19 69 1
17 95 0
36 94 1
82 2 0
61 86 1
16 71 1
7 22 1
62 75 0
15 53 1
52 2 0
68 38 0
63 6 0
31 75 0
62 18 1
18 18 1
65 62 1
25 28 0
100 5 1
6 40 1
6 84 0
87 5 0
69 17 1
79 25 1
64 91 1
94 23 1
97 30 1
56 61 0
76 71 0
93 19 1
14 21 0
36 7 0
24 80 0
51 14 0
26 10 1
70 69 1
57 92 1
78 66 0
81 79 1
64 48 1
78 100 0
4 91 0
1 34 1
53 54 1
48 43 0
67 41 1
14 35 0
89 53 1
65 41 0
66 83 0
39 73 1
75 17 0
1 24 1
41 26 1
27 11 1
80 33 1
17 78 1
52 61 1
75 83 0
16 33 1
8 46 1
44 73 0
32 87 1
24 99 1
32 35 1
12 28 0
27 92 1
50 24 1
62 48 0
21 41 0
97 26 0
26 5 0
42 60 1
53 1 1
64 73 0
9 57 1
6 88 0
22 31 0
71 41 0
96 25 0
43 56 0
26 58 0
40 4 1
22 9 0
24 46 0
46 17 0
48 27 0
49 66 1
99 28 1
91 94 1
53 8 0
2 8 0
10 21 0
79 83 1
36 46 1
49 52 1
28 63 1
25 73 1
25 72 0
27 93 1
78 73 0
51 70 1
14 8 0
96 24 1
11 73 0
75 38 0
31 14 0
1 95 0
32 17 1
99 31 1
88 6 0
45 31 0
4 38 0
47 80 1
91 32 0
29 96 1
50 25 0
100 44 0
56 12 0
80 29 0
15 60 1
70 71 1
99 21 1
90 26 0
3 72 0
22 17 0
64 86 0
81 34 1
12 61 0
99 71 0
88 36 0
64 21 1
66 80 0
54 44 0
4 22 1
53 81 0
43 65 1
58 30 1
57 22 1
50 23 0
46 27 1
57 61 0
28 63 1
64 92 0
25 93 1
34 2 0
13 98 0
94 60 0
51 95 0
48 13 1
33 72 0
34 85 0
79 3 1
91 40 0
51 11 1
94 74 0
39 36 0
57 87 0
7 44 1
15 99 1
18 53 0
86 52 1
26 78 1
44 63 1
48 59 1
65 43 0
92 62 0
85 91 0
92 34 1
12 18 0
28 29 1
25 84 0
76 87 0
27 35 0
25 83 1
74 18 0
55 35 0
46 25 1
44 13 1
48 17 0
44 91 1
57 25 1
27 78 1
22 6 0
80 25 1
73 85 1
51 58 1
57 43 0
7 2 0
2 14 1
93 61 1
84 40 0
81 78 0
79 47 0
94 40 0
40 74 1
43 83 0
52 61 0
98 6 1
53 23 0
48 59 1
33 21 0
19 49 1
83 35 1
79 93 1
34 53 1
95 73 0
80 32 0
44 98 1
72 38 0
34 81 1
56 21 1
62 58 0
12 32 1
8 83 0
61 71 1
13 31 1
11 98 1
87 2 1
11 59 1
67 78 0
78 55 1
45 47 1
52 84 0
61 62 1
23 93 1
35 75 0
37 73 1
88 21 1
30 94 0
55 34 0
24 61 0
61 32 1
81 33 1
96 32 0
34 35 0
80 22 0
73 65 1
51 75 0
33 81 1
3 85 1
7 50 1
64 16 1
15 72 0
24 33 0
11 59 0
19 49 0
84 4 1
51 3 0
75 43 0
47 89 1
32 95 0
72 87 1
25 79 0
77 52 1
20 22 1
6 9 1
76 45 0
48 98 0
14 94 1
3 69 0
3 97 0
87 71 1
40 95 0
18 35 1
79 31 0
65 41 0
52 29 0
66 38 0
25 8 0
74 79 1
95 19 1
21 76 0
76 97 1
31 94 1
43 16 0
77 100 1
44 62 0
29 72 1
12 67 1
72 49 0
81 57 1
23 11 0
15 98 1
52 38 0
92 44 0
47 26 1
49 97 1
31 53 0
11 99 0
100 44 1
64 9 0
68 36 0
75 97 0
67 69 0
38 67 1
22 34 0
53 56 0
83 55 0
44 92 0
72 21 1
9 30 0
6 38 0
15 23 1
93 4 0
16 22 1
72 88 1
84 59 1
88 48 0
88 80 0
13 86 1
94 62 1
52 76 1
84 16 1
14 21 0
86 48 0
43 46 0
46 17 1
61 52 0
58 86 1
9 13 1
87 57 1
71 30 0
72 37 1
25 49 1
41 37 0
23 76 1
61 78 1
36 20 1
48 38 1
49 80 1
93 5 0
9 46 0
13 79 0
42 50 1
58 6 0
46 5 0
79 49 1
9 73 1
50 53 1
8 42 1
91 94 1
19 22 0
82 34 0
92 60 1
100 71 0
85 41 0
24 40 0
44 87 0
60 29 1
86 98 0
7 43 1
7 100 1
48 86 0
34 57 1
97 92 0
35 26 0
86 6 0
66 43 1
18 28 1
78 76 1
40 22 1
24 62 0
20 12 0
78 78 0
57 83 1
94 53 1
42 86 0
75 61 0
85 76 1
5 91 1
18 98 1
89 80 1
82 1 1
22 33 1
4 25 0
49 63 1
28 64 0
75 19 1
22 97 0
42 58 0
85 83 1
90 49 0
97 39 0
28 100 1
10 19 0
21 37 0
11 88 0
59 78 0
2 19 1
1 36 0
32 5 1
11 68 0
25 30 0
24 70 1
75 93 0
75 87 0
90 71 1
52 5 0
39 91 1
59 77 0
13 68 1
34 67 0
23 54 1
36 10 1
13 40 0
90 13 0
40 29 1
5 89 1
53 34 1
48 20 0
88 67 0
14 93 1
99 28 0
69 87 1
37 8 1
67 98 0
75 66 0
99 17 1
28 46 1
60 15 0
67 79 1
53 30 1
32 69 0
71 30 0
79 4 0
25 48 1
32 40 1
91 81 1
43 43 0
16 28 0
22 98 1
69 95 1
24 35 0
10 5 0
39 99 0
47 30 1
31 12 0
58 6 0
35 28 1
71 68 1
90 90 0
48 43 0
70 74 1
20 87 1
83 6 0
18 99 0
85 96 0
52 62 1
78 94 0
6 84 0
4 49 0
31 28 1
68 88 0
52 4 1
59 76 1
21 97 1
10 49 0
51 54 0
58 83 0
82 52 0
77 40 0
3 39 1
58 47 1
64 44 0
99 72 0
49 72 0
100 78 0
65 64 0
94 61 0
49 70 1
6 39 0
49 31 1
43 68 0
1 86 0
100 64 0
12 16 0
81 34 1
3 89 0
70 6 0
46 97 0
12 85 0
4 60 1
49 11 1
12 64 1
24 56 0
96 44 1
27 14 0
39 68 0
82 71 0
81 43 0
85 1 0
9 58 1
90 26 0
30 65 1
21 8 0
6 30 0
94 62 0
95 89 0
15 62 0
25 81 0
52 93 1
35 34 0
72 81 1
98 84 0
49 69 0
36 68 0
59 40 1
96 46 0
75 34 0
61 37 0
20 22 1
9 20 0
86 27 1
11 7 1
77 69 1
72 23 1
16 67 1
11 98 0
52 27 1
72 11 1
68 62 0
26 40 1
19 55 0
34 39 1
72 57 1
43 92 0
17 28 0
39 86 1
49 11 0
99 70 0
26 71 0
7 5 0
49 63 1
97 35 1
36 37 0
53 65 1
67 28 1
94 37 0
34 20 0
86 20 0
3 29 1
100 58 0
38 1 1
49 73 0
64 3 1
4 78 1
52 37 0
53 17 1
29 36 1
65 68 1
3 49 1
35 100 1
53 24 0
13 88 0
39 14 0
89 15 0
35 100 0
15 26 0
14 93 0
53 58 1
84 69 1
14 99 0
41 67 0
54 26 0
10 45 0
30 94 0
64 66 1
47 87 0
28 71 1
21 86 1
14 66 0
37 66 1
27 90 0
93 69 0
15 84 1
17 95 1
30 81 0
4 7 0
56 6 1
22 78 0
72 48 0
1 22 0
15 56 1
75 72 0
58 84 1
44 74 1
54 78 1
86 59 1
4 76 1
79 44 0
13 97 0
10 40 0
85 32 1
90 90 0
89 82 1
15 31 1
30 96 1
5 4 1
31 34 1
93 49 0
52 63 0
61 79 1
5 13 1
85 19 1
50 48 0
77 29 1
58 85 1
67 64 0
76 71 1
87 88 0
51 85 1
80 43 0
13 11 1
3 100 0
52 73 1
79 46 1
74 51 1
100 97 0
38 2 0
22 90 1
5 65 0
61 44 0
13 51 1
47 76 1
62 9 1
21 91 0
20 55 1
85 51 0
66 29 0
43 27 0
74 47 0
6 53 1
86 58 0
99 98 0
49 97 0
64 83 1
97 95 0
2 75 1
79 70 1
64 66 0
19 22 1
2 84 0
59 39 1
91 9 1
7 42 0
89 46 0
37 87 1
68 8 0
42 30 1
71 82 1
94 8 1
50 66 0
65 40 1
47 80 0
64 32 0
28 82 1
24 8 1
71 6 0
14 88 1
55 52 0
50 54 1
84 73 1
20 50 1
27 78 1
35 7 1
15 7 0
55 10 0
17 29 0
98 34 1
60 81 0
53 19 1
45 29 0
27 14 0
82 88 1
91 86 0
99 84 1
15 26 0
94 88 0
84 49 0
22 47 1
18 66 0
65 17 0
45 19 0
34 81 1
92 24 0
82 46 0
72 16 0
65 64 0
67 64 0
60 59 0
97 45 0
8 85 1
93 67 1
95 73 1
62 4 0
96 37 1
66 36 0
49 1 0
96 98 1
5 10 0
88 2 0
51 7 0
81 22 0
45 93 0
11 82 1
63 23 1
77 97 1
35 16 0
21 100 1
32 7 0
93 92 1
14 29 1
84 1 1
92 27 0
28 7 1
86 100 1
57 80 1
22 49 1
95 90 0
15 52 0
98 48 0
70 87 1
70 1 0
96 59 1
78 22 0
74 98 0
76 59 0
98 75 0
8 78 1
56 36 1
42 85 1
83 97 0
74 27 0
31 53 1
37 43 0
50 47 1
93 53 1
90 53 1
53 27 1
95 79 0
40 1 0
63 82 0
58 6 1
31 89 1
6 95 1
56 81 1
17 63 1
94 98 1
60 66 0
62 84 1
87 54 1
46 24 1
14 34 0
79 72 1
16 16 0
50 60 0
68 96 0
1 56 1
71 45 1
28 86 1
91 7 0
34 84 1
34 42 0
93 83 1
92 2 1
74 42 0
81 18 0
75 57 1
1 72 0
68 99 0
20 47 0
9 9 0
15 67 1
88 49 1
78 50 1
22 90 1
71 4 0
51 59 1
26 71 0
13 33 0
25 31 0
44 21 0
20 30 1
88 5 1
96 7 1
56 93 1
62 82 0
17 100 1
34 79 0
12 59 1
40 54 1
64 74 1
13 58 0
10 73 1
74 73 0
25 18 1
73 56 1
13 79 0
11 47 0
71 9 0
98 83 1
52 29 0
24 39 1
86 4 0
38 100 1
10 51 0
68 24 1
53 22 1
96 78 0
17 45 0
90 58 0
50 8 0
14 94 0
89 54 0
7 67 0
56 61 1
83 27 0
88 91 0
61 99 1
29 60 1
43 9 1
68 61 0
52 73 1
25 85 1
92 83 0
73 76 0
20 77 0
7 96 1
53 89 1
55 20 1
46 78 0
99 23 1
80 41 1
95 100 1
57 47 0
48 63 1
42 62 1
52 82 0
69 77 1
17 18 0
56 38 0
80 24 1
22 6 1
73 4 0
59 9 1
99 81 1
48 30 1
62 73 1
79 4 0
67 93 1
29 22 0
80 63 1
7 83 1
97 27 1
19 90 1
87 73 1
84 47 1
68 97 1
48 83 1
77 50 0
56 6 0
79 59 0
63 16 0
22 22 1
43 35 0
82 56 0
20 23 0
36 66 0
87 35 0
11 14 1
17 78 0
43 76 1
66 17 0
90 63 0
4 24 1
21 48 0
52 93 0
78 45 1
68 88 1
14 59 0
63 13 1
73 53 0
74 6 0
45 15 1
12 86 1
23 47 1
87 38 1
60 49 0
60 13 1
59 18 1
69 27 1
59 34 1
38 56 0
13 37 1
20 29 1
76 27 0
54 95 0
14 3 0
76 20 1
54 54 1
84 85 1
83 91 0
7 49 1
99 39 0
27 32 1
81 21 0
75 85 1
65 89 0
90 46 1
35 57 0
98 68 0
21 41 1
49 8 0
52 23 1
100 2 0
39 92 1
28 87 0
14 43 1
59 5 1
79 88 0
61 21 0
97 31 0
13 38 1
95 14 0
94 57 0
97 41 0
51 81 0
94 69 1
59 36 1
43 15 1
54 67 1
60 46 1
14 54 1
8 62 1
94 83 0
31 53 0
87 20 0
89 100 1
20 89 1
15 57 0
24 30 1
62 50 1
39 13 0
86 20 0
86 41 1
25 26 0
37 25 1
52 2 0
33 68 1
82 50 1
53 2 0
51 77 0
81 93 1
81 45 0
58 70 0
69 65 0
4 6 0
52 43 0
14 68 0
40 20 0
63 86 1
93 23 1
59 49 0
78 33 0
16 23 0
88 74 0
72 21 0
21 26 1
39 1 0
28 6 1
49 54 1
6 19 1
77 79 0
52 32 1
39 18 0
44 70 1
92 91 1
59 2 1
25 44 1
59 4 1
52 88 0
35 85 0
13 98 1
54 91 1
9 80 0
13 4 1
18 93 1
3 53 1
75 34 1
94 14 0
21 33 0
27 27 0
18 4 1
34 28 1
9 30 0
79 79 0
8 49 0
33 68 0
20 75 0
73 83 1
41 11 0
43 3 1
2 44 0
24 84 0
38 85 0
22 10 1
21 58 0
21 11 1
83 71 0
37 95 0
52 42 1
52 47 0
44 58 1
86 89 1
91 80 1
16 32 1
20 59 1
37 73 0
99 40 1
46 56 0
59 20 0
7 66 1
34 51 1
31 1 0
1 98 0
73 53 1
87 19 0
80 88 1
33 50 0
23 40 1
28 58 0
57 59 1
58 45 0
59 32 1
97 95 0
68 91 0
64 55 1
98 3 0
33 56 1
68 56 0
60 4 1
1 72 0
43 7 1
4 7 1
14 84 0
54 14 0
53 90 0
5 3 1
86 20 0
81 86 1
15 99 0
15 19 1
78 90 1
45 47 0
45 68 1
53 51 1
18 18 1
27 66 1
48 28 1
22 71 0
3 19 0
60 62 0
16 25 1
28 39 0
75 39 1
31 78 0
10 32 0
97 92 1
18 87 0
3 41 0
26 87 1
42 33 0
10 96 1
41 72 0
67 59 0
77 76 1
75 79 0
96 85 1
64 58 0
83 99 1
53 65 0
43 12 1
53 47 0
53 47 0
99 74 0
8 18 0
31 74 1
34 94 0
28 66 1
59 98 1
2 48 0
55 8 0
59 79 0
75 70 1
40 46 1
81 15 0
38 42 0
43 99 0
91 44 0
7 9 1
75 96 0
10 53 1
26 57 0
40 35 1
94 42 1
33 8 0
34 23 0
90 31 0
34 81 0
13 96 0
42 13 0
70 26 1
32 55 0
23 65 0
80 47 0
49 89 1
90 97 0
41 85 0
99 71 1
57 70 1
33 74 0
95 82 0
48 41 0
99 10 1
59 72 1
29 98 1
99 71 0
48 10 0
93 52 0
100 40 1
81 61 1
61 18 0
6 52 1
4 19 0
56 21 0
96 5 0
7 68 1
45 8 0
19 34 0
63 2 0
80 40 1
19 86 1
58 64 0
70 100 0
30 12 0
68 95 1
24 49 0
16 8 1
63 35 1
12 36 1
59 34 1
14 2 1
45 84 1
60 70 1
58 82 1
78 86 0
85 2 1
20 27 1
46 82 0
73 16 0
59 30 0
55 82 0
98 90 1
52 45 1
46 39 0
60 1 0
30 98 0
94 37 1
46 36 1
14 77 1
5 55 0
98 56 0
45 44 0
30 73 0
92 55 0
8 100 1
31 1 1
40 66 1
94 37 1
78 21 0
29 5 1
42 25 1
1 4 1
38 96 0
52 46 1
55 7 1
49 49 0
86 52 1
12 6 1
86 92 1
83 15 0
71 33 1
38 43 0
30 17 0
95 70 0
44 86 1
26 7 0
68 54 1
35 62 1
49 51 1
77 24 0
11 1 1
92 43 0
6 82 0
64 60 0
66 33 0
16 39 1
4 35 0
8 61 1
60 34 1
8 68 0
74 8 0
21 36 1
67 10 1
29 74 1
14 76 0
58 30 0
75 26 1
75 74 0
81 60 0
19 83 1
18 42 1
40 67 1
69 11 1
32 45 0
27 23 0
98 30 1
26 70 1
78 11 0
6 92 1
54 74 1
36 44 1
6 15 1
38 48 0
62 16 1
1 63 1
71 7 0
53 86 1
80 47 0
33 27 0
68 60 0
66 10 1
94 43 1
83 46 0
65 32 0
32 75 0
54 72 1
87 89 1
23 19 0
29 84 1
93 50 0
92 90 1
41 33 1
56 20 1
63 42 1
52 61 1
3 19 1
36 87 1
67 69 0
63 38 1
78 77 1
44 19 1
25 21 0
35 49 1
33 86 1
32 57 1
40 86 1
18 71 0
14 8 1
87 45 0
74 4 0
7 79 1
72 66 1
91 17 1
45 11 0
25 30 0
63 41 1
93 81 0
55 89 1
87 67 0
26 45 1
3 90 0
57 37 0
88 15 1
76 96 1
38 79 1
13 51 0
57 43 1
73 23 1
66 91 0
77 55 1
79 97 0
93 47 1
63 71 1
36 38 1
26 97 1
53 5 0
69 35 0
28 26 1
97 22 1
84 93 0
21 50 0
97 89 1
54 23 0
80 20 0
95 1 1
70 25 0
87 75 1
27 98 0
29 80 1
20 34 1
5 12 1
22 90 0
37 37 1
65 1 0
70 67 1
1 3 0
95 14 1
59 91 0
99 62 0
61 1 1
51 16 0
20 47 1
54 96 0
33 52 1
53 20 0
80 85 0
65 54 0
65 60 0
15 79 1
71 65 0
40 34 1
14 21 1
86 57 0
12 30 1
28 25 1
7 53 0
8 73 1
31 17 0
94 39 0
56 51 0
100 74 1
11 63 1
88 63 1
68 68 0
21 69 0
19 29 1
40 100 1
94 92 0
41 55 0
3 91 0
27 64 1
3 78 0
43 18 0
48 81 1
59 68 0
71 73 0
26 60 1
42 88 0
29 9 0
29 6 1
34 39 0
47 20 0
56 68 1
46 63 1
74 15 1
12 43 1
13 11 0
4 34 1
72 23 0
26 9 0
13 75 1
3 96 1
56 32 0
10 54 1
43 86 0
6 98 0
40 88 0
47 46 0
17 94 1
90 33 0
84 45 1
24 77 1
39 58 0
28 78 0
36 32 1
41 41 1
25 83 1
15 24 1
81 2 0
78 32 1
61 36 1
46 1 1
87 52 0
63 32 1
20 15 1
78 78 0
15 27 0
84 39 1
92 56 0
31 84 0
42 57 0
22 91 0
91 36 1
22 69 0
68 58 1
77 38 1
85 65 1
32 12 1
52 8 1
54 97 0
51 72 0
24 3 0
18 60 0
12 26 1
33 49 0
72 51 0
75 9 0
79 75 0
52 54 1
81 39 1
50 59 1
35 26 1
26 70 1
93 6 1
51 18 1
79 94 1
24 95 1
24 45 1
26 49 0
33 57 0
51 17 0
56 67 0
94 70 0
33 33 1
87 94 0
25 57 1
39 77 1
94 1 0
53 7 1
13 61 0
33 81 1
78 44 0
33 58 1
27 53 1
60 83 1
13 74 1
16 99 1
64 48 1
2 12 0
68 11 0
52 31 0
22 68 0
68 63 0
93 68 1
6 58 1
3 47 0
81 48 1
96 4 0
84 27 0
57 17 1
19 88 1
74 63 0
28 19 0
60 62 1
91 35 0
88 9 0
85 72 0
48 84 1
45 31 1
44 10 1
34 48 1
51 65 1
74 71 1
56 7 1
30 79 1
53 59 1
73 99 0
57 33 0
96 86 1
5 9 0
42 62 1
52 53 1
51 35 0
2 2 0
26 36 0
18 34 0
39 36 0
24 86 0
5 4 1
55 25 0
76 1 1
29 11 1
27 19 0
28 83 1
99 91 0
63 42 1
18 84 1
60 52 1
26 82 1
29 11 0
11 85 1
76 22 0
93 29 0
19 59 1
51 85 0
79 95 0
57 93 1
55 29 0
12 23 0
5 5 0
9 70 0
67 62 0
42 91 1
29 64 1
2 53 1
54 8 1
6 27 0
14 64 0
67 52 0
17 27 1
18 23 1
24 39 1
77 7 0
57 80 1
93 63 1
80 19 1
67 72 1
19 57 1
92 54 1
66 61 1
68 54 0
44 2 0
20 60 1
76 95 0
34 23 0
50 81 0
61 1 1
86 98 0
8 63 1
13 85 0
28 65 0
51 8 0
100 80 0
63 78 1
30 95 1
20 98 0
19 45 0
34 78 1
57 76 0
40 75 1
21 97 1
83 58 1
85 77 0
64 79 0
18 8 0
52 60 0
40 98 1
79 29 0
4 49 0
17 69 0
44 98 0
85 57 0
32 17 1
87 35 0
81 67 1
86 3 1
21 79 0
85 23 1
30 37 1
69 23 1
14 49 0
46 62 0
30 29 0
27 20 0
10 72 1
33 3 0
47 25 1
36 41 1
5 72 0
57 62 0
29 93 1
92 49 1
68 33 1
23 98 1
29 30 0
12 31 0
57 76 1
36 73 1
4 39 1
29 89 0
56 60 0
98 55 0
29 66 0
36 2 0
12 66 0
71 78 0
10 71 0
9 98 1
34 86 0
58 73 0
14 77 0
88 76 1
72 10 0
3 80 1
99 68 0
61 1 0
33 81 1
56 6 1
57 47 0
24 68 0
87 86 0
30 5 0
36 73 1
68 88 1
61 97 1
40 22 1
19 9 0
23 82 0
31 7 1
16 93 1
29 47 0
8 91 0
72 2 1
6 80 1
51 40 0
99 45 1
8 19 1
81 9 0
15 5 0
46 30 0
19 54 0
46 34 1
63 76 1
72 10 1
80 64 0
29 22 0
41 46 0
14 6 1
31 88 0
28 36 1
9 97 0
67 82 0
97 57 1
24 69 1
91 78 1
92 45 0
96 62 1
71 62 0
65 60 0
2 67 1
41 11 0
39 13 0
73 7 1
76 11 0
68 69 1
33 34 0
18 25 0
49 51 1
12 85 1
59 89 1
27 7 0
97 91 0
71 64 1
78 2 0
43 53 1
89 66 1
75 80 0
38 82 1
78 92 1
68 10 0
73 100 1
22 78 0
56 46 1
4 76 1
30 10 0
64 50 1
91 26 1
95 31 0
4 95 0
62 45 0
82 15 1
68 63 0
82 15 0
74 7 0
83 34 1
96 67 0
21 17 0
41 63 0
54 34 1
81 14 1
2 51 0
86 13 1
63 41 1
90 77 1
13 58 1
50 90 0
86 87 1
55 69 1
96 73 1
39 96 1
19 79 0
73 98 0
41 80 0
46 28 0
79 83 0
94 86 1
3 76 0
95 21 0
46 79 1
36 48 0
62 87 0
44 24 1
11 66 0
9 34 1
54 93 0
59 69 0
58 92 0
84 64 1
15 10 1
77 90 1
55 25 1
93 73 1
99 45 0
27 15 0
99 42 1
59 31 1
47 17 0
35 36 0
41 82 0
26 8 1
32 83 0
62 8 0
35 92 0
19 87 0
86 95 1
49 98 0
57 63 0
92 8 1
96 38 0
48 25 0
87 57 1
73 67 0
65 74 1
71 45 1
16 77 0
53 33 0
46 45 1
91 9 1
81 81 1
2 94 1
43 35 0
75 78 1
90 22 1
86 21 1
45 21 1
24 45 0
96 33 0
87 5 1
39 87 0
94 28 1
38 7 1
20 73 0
57 17 0
56 26 1
68 33 0
42 17 1
94 78 0
19 82 1
11 96 1
24 58 1
24 66 0
82 94 1
39 76 1
61 54 0
29 8 0
29 50 0
83 50 1
29 83 1
80 6 1
23 81 1
40 45 0
72 15 1
32 83 1
39 89 0
53 8 0
68 52 0
18 55 1
73 47 1
40 95 0
60 40 1
12 79 1
97 87 1
34 36 0
17 87 0
13 38 0
26 86 1
26 68 1
66 62 0
54 79 1
57 80 1
87 59 1
84 32 0
56 50 1
10 75 0
81 31 1
36 74 1
56 6 1
36 88 0
63 77 0
62 12 0
39 49 1
43 65 0
87 10 1
97 7 0
24 55 1
88 12 1
37 48 0
70 30 0
98 78 0
83 77 0
47 75 0
68 55 0
93 71 1
36 57 1
46 61 0
1 65 1
81 65 0
21 37 1
78 7 0
82 61 1
76 40 1
41 10 0
87 67 0
99 41 0
78 12 0
84 71 1
84 93 0
13 44 0
34 87 1
29 15 0
97 24 0
61 22 1
59 90 1
91 73 0
67 53 1
4 7 1
67 13 1
34 87 1
21 34 1
29 53 1
6 29 0
85 2 0
30 60 1
81 8 0
48 11 1
76 26 0
90 56 1
98 5 1
14 11 1
86 12 1
93 86 1
28 61 1
99 89 0
52 46 0
54 56 0
22 17 1
52 91 0
83 89 0
26 64 0
86 92 1
26 81 0
63 58 1
14 26 0
20 98 0
30 79 0
50 4 0
12 74 0
52 78 1
41 34 1
13 30 1
44 72 0
36 99 1
89 62 0
85 99 1
8 57 0
49 75 1
76 5 0
77 56 0
76 94 0
38 78 0
90 75 1
62 65 0
10 76 1
41 80 1
38 70 0
13 45 0
31 21 0
60 86 0
91 58 1
11 78 0
45 31 0
56 54 0
76 14 1
54 7 1
62 3 1
22 43 0
78 33 1
43 16 1
27 49 1
77 61 0
55 92 0
65 57 0
17 24 1
26 98 1
54 43 1
24 24 1
49 40 0
74 62 0
69 5 1
97 82 1
24 31 1
34 3 1
81 100 1
33 94 1
7 66 1
94 100 0
44 99 1
78 33 0
85 34 0
38 21 1
52 2 0
33 55 0
32 83 1
73 82 1
43 19 1
50 91 0
6 67 1
71 96 0
64 61 0
49 44 1
49 89 1
71 26 0
85 77 0
33 7 0
66 34 1
28 6 0
85 46 1
20 75 1
35 29 1
48 81 1
16 93 1
75 53 0
20 24 0
62 65 0
89 88 1
83 28 0
8 3 0
51 4 1
74 99 1
92 95 0
43 67 0
83 30 0
48 70 0
10 64 0
73 79 1
65 72 1
81 76 0
52 70 1
4 66 1
73 68 0
20 71 0
68 57 1
72 94 0
34 60 0
95 65 1
31 18 1
76 50 1
80 18 1
51 96 0
32 65 0
81 8 1
89 6 1
70 33 1
71 34 0
79 84 1
48 32 0
3 79 1
81 80 1
68 15 1
98 67 1
53 41 0
79 40 1
22 86 1
16 68 0
26 25 0
70 10 0
82 97 0
35 72 1
9 40 1
80 62 1
1 41 0
40 64 0
35 5 1
20 92 1
21 72 1
98 100 1
23 24 0
6 54 0
75 13 0
25 71 0
15 2 0
9 44 1
29 46 1
80 97 0
9 26 1
37 93 1
33 90 0
73 11 0
43 60 0
18 61 0
32 70 1
82 48 1
83 54 1
99 11 1
64 50 1
49 34 1
26 40 0
98 71 1
47 76 1
39 30 1
13 60 1
100 37 0
10 58 0
82 99 1
33 16 1
27 64 0
87 22 0
37 2 1
90 61 0
40 25 0
84 92 0
81 89 0
11 32 0
34 54 1
73 77 0
59 61 0
3 97 1
47 96 1
16 41 1
65 29 0
91 21 1
84 92 0
5 8 1
30 61 1
60 32 1
74 16 0
62 74 0
62 75 1
24 91 1
68 90 1
29 83 1
47 22 0
16 46 1
98 40 1
70 98 1
30 70 0
86 31 0
88 66 1
88 66 1
53 20 1
27 88 0
55 67 1
32 44 1
22 68 0
61 56 0
72 9 1
3 5 1
60 77 0
42 100 0
5 19 0
94 58 1
98 10 0
71 77 1
90 4 0
72 71 0
82 70 1
66 23 1
76 77 0
47 24 1
27 52 1
8 63 0
41 64 0
100 79 0
11 1 1
70 100 1
70 28 1
68 17 1
33 75 0
77 9 0
100 42 0
1 94 0
87 44 0
99 44 0
76 4 0
99 96 0
62 65 0
1 3 1
63 59 0
40 42 1
42 36 0
22 61 0
40 99 0
21 34 1
70 67 0
72 86 1
1 5 0
69 63 1
41 16 0
95 15 0
43 42 1
21 80 0
6 11 0
14 63 1
59 91 1
37 76 0
46 69 0
28 4 0
95 68 1
77 17 0
92 31 0
98 19 1
64 19 0
38 95 1
52 68 0
72 48 1
16 69 0
28 14 0
28 4 1
33 31 0
20 16 1
42 94 0
71 72 1
2 83 0
35 61 0
29 14 0
37 15 0
30 94 0
66 52 1
64 46 1
59 100 0
11 41 1
90 19 1
45 46 1
37 70 0
48 39 0
79 80 1
35 58 1
77 40 0
27 70 0
63 50 0
41 34 1
36 5 0
35 25 1
36 35 0
24 24 1
38 40 0
10 69 0
83 2 0
15 1 1
70 36 0
80 48 0
38 46 0
59 82 1
78 60 1
81 36 0
50 46 1
55 70 0
33 52 1
51 82 0
26 45 0
46 75 1
96 81 1
14 56 0
15 98 0
25 15 1
77 33 1
3 15 1
90 24 0
100 29 0
35 88 0
15 46 1
22 39 1
1 62 0
37 76 1
50 63 0
52 6 1
2 68 0
24 91 0
67 82 0
29 83 0
15 54 0
9 60 0
48 91 0
28 86 0
15 40 1
71 27 0
91 43 1
85 44 0
64 8 0
31 49 1
72 57 0
93 72 0
78 79 0
83 67 0
54 81 0
100 59 1
62 79 0
74 27 0
84 98 0
58 63 1
91 52 0
96 59 1
98 99 1
100 39 1
61 15 1
94 40 0
43 29 0
49 7 0
64 15 0
35 20 1
73 54 0
86 68 1
52 78 1
65 55 1
81 48 0
91 95 1
96 72 0
13 92 0
95 33 1
26 68 1
94 78 1
78 33 1
36 61 0
75 78 0
61 83 0
86 61 1
21 69 1
39 90 1
58 65 0
13 23 1
71 49 1
87 57 1
29 75 1
62 57 1
86 2 0
46 35 0
80 84 0
82 81 1
73 70 0
87 30 0
4 7 1
66 16 0
1 81 1
65 51 0
98 70 0
49 45 1
29 92 0
80 13 0
22 30 1
83 17 0
79 80 0
68 14 1
36 52 1
80 72 1
72 53 1
55 100 1
42 59 0
35 42 1
55 42 0
40 70 1
86 7 1
29 60 0
69 37 1
37 83 1
57 41 0
4 39 1
46 29 1
60 79 1
65 41 0
31 22 0
51 93 0
14 96 0
88 61 0
20 57 0
16 95 1
18 10 0
39 33 0
57 67 0
80 18 1
28 82 0
60 20 1
61 89 0
52 64 0
25 77 0
15 14 1
74 35 0
82 33 0
24 13 0
82 43 1
89 87 1
73 56 0
3 34 1
15 84 0
17 76 1
2 13 0
78 76 1
30 74 1
4 83 0
19 91 1
27 27 0
29 29 0
13 64 0
60 36 1
17 68 1
40 49 1
20 44 1
37 20 1
22 35 1
36 84 1
43 34 1
12 34 0
100 40 1
15 18 0
58 94 0
100 19 1
62 78 1
34 71 0
94 22 1
65 70 0
78 84 0
11 75 1
51 23 1
59 87 0
50 96 1
51 29 0
32 98 0
31 61 1
31 3 1
47 81 1
18 42 1
31 48 0
73 50 1
90 12 1
26 91 0
88 11 0
80 45 0
27 71 0
3 77 0
93 64 1
51 39 0
89 3 0
36 35 0
42 11 1
82 53 0
71 44 0
12 79 1
69 26 0
18 89 1
26 93 1
89 85 1
21 98 1
55 65 1
48 55 0
88 61 0
46 21 1
91 86 0
9 82 0
8 26 1
55 13 1
22 67 1
1 85 1
83 84 1
27 41 1
60 80 0
56 89 0
68 96 0
13 83 1
40 60 0
6 21 0
53 28 0
95 96 1
39 9 1
14 38 1
76 28 0
67 29 0
94 84 1
49 27 0
21 42 1
27 31 1
26 76 1
28 6 1
36 72 1
7 45 1
7 28 1
25 11 1
65 43 1
5 7 0
38 47 1
46 79 0
42 96 1
3 18 0
69 39 0
49 8 1
3 11 1
47 44 1
18 65 0
14 38 0
45 19 0
78 44 0
79 71 0
68 20 1
33 89 0
73 1 1
86 48 1
3 22 0
93 82 0
86 46 1
95 30 1
20 8 0
47 11 1
65 7 1
29 92 0
54 95 1
84 15 1
34 48 1
53 1 0
14 70 0
43 35 0
68 15 0
40 73 1
57 33 0
17 6 1
79 67 0
69 32 0
75 54 1
79 37 0
53 75 1
6 92 1
100 86 1
81 12 1
64 71 0
42 49 0
55 16 1
10 92 1
39 100 1
13 41 1
3 39 1
71 9 0
1 35 0
31 85 1
30 41 0
56 55 0
62 75 0
15 19 1
54 17 0
87 60 1
41 84 1
4 15 0
46 40 0
69 42 0
22 95 1
20 41 1
87 98 0
37 96 0
32 75 1
11 11 1
11 58 0
38 16 1
90 16 0
79 73 0
27 49 0
32 90 1
31 46 1
67 16 1
85 74 0
23 32 1
58 1 0
52 63 1
4 19 1
30 98 0
88 13 0
78 48 1
96 58 0
7 25 0
25 75 0
76 72 1
11 39 0
2 64 1
31 52 0
83 4 1
35 60 1
6 5 1
12 13 0
66 39 0
70 52 0
30 4 1
71 87 0
2 62 1
95 61 0
27 29 0
16 71 1
8 65 1
42 26 0
64 78 0
15 15 0
94 96 0
29 100 1
7 16 1
66 94 0
29 66 0
34 11 0
89 74 0
19 64 1
64 57 1
12 38 1
52 21 1
88 88 0
93 44 0
30 19 0
100 7 1
41 51 1
55 42 0
89 88 0
60 38 0
20 31 0
62 30 1
24 23 0
57 78 0
68 39 0
46 82 0
25 65 0
88 12 1
100 46 0
70 34 1
89 50 1
100 43 0
60 62 0
67 80 0
49 19 0
14 50 0
19 28 1
50 26 0
72 37 1
49 100 1
71 53 0
43 20 0
57 10 0
8 41 1
68 45 0
43 28 1
8 2 0
34 41 0
34 31 0
27 56 0
10 80 0
88 50 0
2 80 0
73 88 0
52 63 0
15 37 1
1 90 0
27 23 0
14 88 1
73 16 1
85 90 0
75 37 1
2 70 0
32 30 0
62 89 1
88 47 0
92 55 1
72 76 1
72 95 1
65 52 1
84 66 1
48 10 1
95 97 0
78 77 1
29 25 1
73 6 0
6 37 0
34 8 1
7 33 0
27 64 0
56 98 0
8 63 1
91 62 0
91 77 1
23 33 1
86 57 0
85 58 0
89 84 0
72 44 1
49 26 0
92 57 1
52 19 1
66 33 0
67 61 0
70 50 0
31 68 0
55 56 0
15 38 1
73 44 0
22 74 0
71 3 1
27 87 0
99 98 1
27 73 1
29 64 1
10 92 0
32 65 0
90 97 1
99 49 0
61 98 0
62 89 0
19 60 1
11 26 1
97 76 1
60 49 0
86 46 0
63 99 0
62 3 0
38 25 0
46 8 0
32 66 0
51 33 0
72 37 0
37 24 0
32 100 1
34 47 1
84 83 1
32 47 0
96 5 0
48 76 1
68 46 1
12 56 1
83 90 1
62 92 1
27 53 0
72 74 0
46 47 0
45 58 1
94 90 0
37 76 0
45 69 1
37 17 1
19 29 0
4 39 1
20 62 1
19 17 1
49 81 0
74 77 0
98 95 1
36 39 0
26 87 0
62 39 0
24 42 0
95 21 0
99 84 0
29 27 1
52 21 0
23 93 0
69 59 0
13 42 1
78 42 0
16 87 0
9 25 0
16 71 1
78 84 1
47 70 1
78 9 0
7 98 0
36 15 1
59 22 1
64 25 0
69 31 1
4 33 0
93 25 1
90 46 0
18 61 0
80 17 0
93 75 0
85 10 1
11 72 0
27 29 0
21 6 0
68 84 1
79 96 0
38 23 1
28 39 1
87 90 1
5 27 0
50 32 0
2 2 1
80 98 1
18 84 1
85 41 1
46 87 1
20 97 1
19 34 0
77 61 0
30 63 0
27 48 0
59 62 1
37 66 0
78 74 0
71 43 0
5 63 0
100 13 1
15 23 0
81 45 1
68 45 1
21 62 0
34 19 1
13 32 0
44 67 0
18 94 1
83 91 1
19 16 0
50 7 1
43 65 0
32 20 1
67 41 0
58 59 0
76 15 0
59 94 1
60 69 1
12 10 1
53 12 0
20 27 1
50 98 0
30 17 0
99 25 1
75 74 1
8 52 0
72 56 0
42 33 0
59 13 0
75 31 1
37 51 0
38 61 0
74 51 1
74 48 1
32 21 1
82 20 0
5 65 0
80 83 0
51 30 0
72 4 0
9 99 0
35 50 1
60 37 1
15 21 0
43 13 1
27 68 1
75 73 1
36 40 0
28 13 1
39 28 0
13 99 0
81 56 0
34 88 1
48 8 1
64 8 0
3 5 1
72 10 1
25 2 1
3 49 1
51 9 1
28 3 0
5 95 0
75 67 1
19 20 1
94 42 0
44 58 0
94 96 1
38 61 0
97 83 0
9 49 0
83 87 0
52 59 0
11 100 1
11 9 1
58 82 1
38 79 1
66 55 0
25 46 0
15 84 1
14 64 1
81 1 1
35 82 0
69 61 1
99 57 0
49 96 1
97 53 1
71 69 0
97 43 0
47 57 1
67 29 0
55 13 1
17 19 0
72 3 0
71 89 0
33 77 1
66 6 0
4 91 1
97 84 1
22 51 1
70 96 0
51 10 1
7 89 0
14 4 0
58 53 0
59 11 0
86 15 1
7 59 0
23 65 1
76 33 1
71 4 0
63 31 0
12 43 1
97 32 1
78 61 0
92 86 0
23 6 0
12 29 0
75 45 1
86 71 0
7 19 1
97 55 0
88 34 1
9 41 1
47 44 0
4 53 1
4 57 1
58 4 1
35 50 1
31 74 0
42 8 1
15 62 0
3 82 0
42 84 1
79 73 0
32 47 0
7 57 1
44 48 0
50 84 1
73 18 1
62 100 0
61 13 0
93 45 1
47 25 1
30 64 0
47 48 0
50 10 1
59 1 1
37 19 0
94 11 0
11 4 1
46 74 0
35 56 1
53 4 0
68 61 0
93 15 1
37 37 0
40 14 1
63 49 1
41 89 0
32 17 0
71 21 0
93 85 0
56 66 1
67 56 0
3 57 1
22 25 0
66 22 0
34 98 0
98 22 0
55 35 1
8 38 0
84 82 0
56 89 0
92 40 1
29 35 0
56 76 1
26 61 1
81 25 1
3 41 1
43 68 0
53 8 0
98 95 1
45 18 0
41 68 1
69 59 1
9 98 0
89 16 0
58 6 0
46 18 0
56 52 0
93 52 0
87 77 0
62 3 0
20 1 0
60 66 0
78 70 1
61 33 1
44 58 1
55 66 0
19 6 1
81 14 1
77 3 0
59 83 0
60 70 1
55 33 0
72 27 1
49 67 0
38 44 1
84 75 0
42 26 0
23 78 1
21 60 0
71 28 0
30 62 0
20 94 0
30 69 0
92 64 1
52 37 1
76 58 1
94 20 1
28 24 0
12 78 1
84 60 0
30 52 1
47 100 1
73 16 1
42 18 1
56 17 1
38 14 1
82 97 1
79 7 1
16 76 0
13 41 1
51 79 1
46 60 0
84 61 0
14 73 0
66 68 1
37 25 0
81 75 0
35 81 0
72 98 1
84 81 1
65 31 1
51 92 0
65 90 0
79 29 1
57 45 0
77 92 1
95 71 0
93 65 0
70 35 1
79 10 1
60 45 1
12 50 1
66 57 1
96 55 0
25 6 0
26 68 1
4 29 0
26 52 0
12 68 0
22 96 1
69 62 1
32 65 0
28 69 1
99 30 1
49 45 0
93 69 1
90 65 1
98 86 0
36 36 1
15 39 0
51 10 0
57 49 1
22 46 0
35 96 1
54 33 0
12 97 1
21 16 0
97 2 1
65 90 0
56 15 1
55 65 0
71 44 1
80 70 0
39 37 1
2 16 1
19 4 1
23 63 0
38 71 0
48 50 0
75 52 0
60 86 1
38 9 0
26 32 0
29 79 0
16 40 0
52 15 0
16 71 1
46 80 1
9 53 1
11 28 0
31 87 1
87 13 0
60 77 1
18 22 0
31 92 0
97 59 1
51 25 0
86 13 0
59 77 0
37 28 1
57 80 0
94 34 1
2 63 1
67 19 1
68 12 1
78 88 0
95 48 0
8 69 0
35 6 0
44 63 1
43 72 0
6 72 0
19 77 1
32 55 0
20 26 1
39 37 1
72 12 1
99 39 1
32 41 0
63 15 0
29 79 0
27 52 0
69 31 0
30 93 1
80 51 0
31 35 0
59 74 0
6 35 1
30 65 1
94 29 0
92 93 0
14 6 0
12 93 0
99 55 0
37 94 1
32 12 0
49 43 1
72 97 1
57 1 0
21 46 1
28 21 1
80 25 0
26 88 1
37 2 0
33 19 1
20 79 1
52 56 1
98 6 0
25 64 1
82 55 1
46 25 1
90 57 0
63 50 0
39 98 0
34 91 0
29 21 1
81 41 0
1 90 1
13 72 0
26 5 1
9 89 0
100 34 0
27 58 0
6 37 1
17 91 0
14 90 1
65 40 0
74 98 0
9 31 1
6 98 0
58 17 0
37 47 0
26 74 0
75 11 1
58 22 0
91 53 1
44 8 1
63 85 1
88 27 1
25 58 1
42 80 0
5 85 0
8 66 0
84 59 1
66 82 1
30 88 1
69 7 0
88 99 0
6 33 0
6 12 1
55 29 1
50 33 0
55 33 1
75 61 1
94 49 1
6 3 0
15 21 0
61 89 0
59 97 1
93 91 0
67 99 0
73 39 1
86 58 0
8 24 0
38 98 0
94 82 0
98 9 0
84 26 1
92 41 1
61 45 1
84 72 0
44 4 0
94 74 1
15 79 0
83 16 0
27 39 0
65 81 1
36 96 1
92 53 1
46 8 0
82 96 0
98 66 1
6 64 1
32 38 0
82 22 1
43 22 1
94 52 1
15 29 1
33 7 0
23 70 0
2 32 1
53 77 0
69 42 1
26 38 0
61 91 1
74 88 1
40 8 1
17 3 1
51 91 0
26 51 1
100 22 1
69 93 0
81 54 1
62 74 0
37 86 0
99 97 0
92 43 0
2 91 1
63 48 1
31 19 0
41 7 0
46 39 1
73 44 0
81 73 1
17 71 1
82 98 1
27 60 1
53 13 0
2 54 0
9 43 1
84 51 0
5 13 1
63 28 0
86 31 0
37 81 0
77 41 0
9 39 0
55 63 1
64 66 1
48 32 1
43 35 1
18 81 1
21 82 0
78 52 1
52 23 0
90 40 1
87 56 0
23 12 1
46 76 0
20 50 0
39 59 0
7 91 1
96 39 1
83 1 1
6 27 1
18 34 0
67 17 1
30 9 1
37 4 0
85 3 0
89 12 0
48 57 1
2 68 0
3 99 1
85 31 1
93 49 1
57 72 0
64 51 0
49 99 1
35 99 1
24 27 1
82 65 1
54 86 0
69 14 0
85 4 0
45 29 0
77 37 0
82 100 0
18 37 1
16 27 1
36 97 1
9 55 1
57 13 0
76 6 1
25 71 0
47 42 0
26 94 0
66 63 0
22 59 0
27 38 1
49 71 1
13 7 1
92 62 1
79 76 1
13 87 0
50 47 1
41 82 0
1 69 0
52 68 0
38 24 1
36 99 0
1 86 1
72 62 1
53 71 0
87 37 1
6 15 0
99 92 1
42 3 0
38 79 1
3 53 1
84 15 1
66 56 0
26 3 0
2 71 1
49 40 1
59 14 0
30 56 1
19 13 1
70 57 0
10 90 0
3 29 1
43 24 0
77 79 0
65 82 1
16 56 1
89 11 0
67 3 0
94 20 1
40 50 0
70 54 1
98 86 0
88 14 1
76 61 0
60 100 0
91 33 1
7 6 0
24 71 1
47 82 0
61 20 0
66 18 1
86 28 1
65 23 1
90 37 0
63 54 1
10 26 0
97 56 1
41 73 1
24 45 1
89 15 0
90 73 0
27 10 0
4 33 0
92 92 0
52 5 1
21 100 1
45 53 0
84 89 1
51 58 0
42 80 1
62 97 0
2 29 0
18 34 0
90 83 0
52 37 0
71 72 1
74 58 1
23 29 0
20 46 1
69 11 1
99 6 1
21 10 1
5 25 0
37 85 0
34 94 0
14 38 1
72 53 0
31 98 0
54 72 0
36 74 1
20 65 1
50 24 1
36 40 1
24 99 1
39 67 0
58 60 1
89 34 1
84 20 1
59 56 1
77 27 0
17 18 1
19 41 0
49 90 1
46 65 1
35 32 0
27 61 1
65 10 1
86 43 1
32 33 1
18 78 0
43 95 1
16 48 1
41 50 0
15 32 1
48 50 0
94 16 0
100 66 1
20 44 1
88 54 0
8 62 1
72 100 0
91 88 0
10 91 1
90 22 0
99 28 0
4 56 1
63 56 0
56 22 1
94 11 1
17 53 1
2 54 0
16 95 1
11 38 0
94 66 0
76 29 1
40 28 1
96 69 0
55 65 1
46 50 0
94 45 0
96 25 1
60 76 1
20 26 1
77 38 1
31 92 0
82 89 1
33 16 0
77 38 0
54 50 0
33 26 0
97 42 1
99 100 1
48 37 1
91 19 1
63 20 0
97 75 1
46 42 1
74 27 0
57 10 0
49 37 1
21 37 1
77 44 1
53 94 1
22 45 1
74 72 0
26 97 0
19 15 1
3 47 0
9 98 0
30 13 1
9 23 0
45 78 1
63 85 1
90 90 1
78 48 0
68 33 0
64 43 1
29 40 1
2 8 1
92 45 0
41 48 0
72 42 1
58 79 0
93 57 0
64 20 1
49 23 0
27 81 1
72 48 0
90 22 0
60 100 1
32 38 0
28 14 0
22 28 1
8 68 0
72 92 0
42 30 0
35 51 1
53 84 0
29 11 1
12 52 1
5 22 0
9 16 0
1 28 0
16 21 1
32 55 0
59 52 1
94 92 1
91 75 0
65 60 1
53 57 1
88 71 1
75 86 0
87 59 0
81 37 1
97 43 0
7 12 1
48 96 1
47 9 0
52 15 0
17 65 1
89 24 1
16 70 0
83 63 1
78 11 1
80 40 1
41 80 0
33 55 0
57 27 1
8 90 0
6 14 0
93 11 0
33 34 0
24 68 1
40 74 1
15 66 0
76 42 0
26 40 0
48 5 1
49 46 1
21 34 1
65 33 1
48 9 1
81 65 0
52 20 1
100 23 0
83 2 0
15 59 0
29 8 1
96 82 0
99 33 0
38 53 0
16 88 1
79 41 0
15 39 1
70 85 0
68 48 1
83 72 0
8 18 0
99 42 0
16 59 1
2 39 1
35 77 1
69 5 0
80 41 0
96 85 0
95 72 0
63 35 1
78 40 1
98 12 1
88 71 1
28 68 1
48 16 0
70 4 0
81 83 1
65 23 0
42 58 1
49 66 0
9 100 1
92 59 1
12 21 0
33 35 1
50 20 1
28 67 1
24 93 1
73 34 0
74 79 1
16 95 0
6 13 0
78 46 0
67 85 1
63 100 0
4 97 0
16 67 0
14 62 0
99 15 0
98 79 1
75 35 0
22 27 1
30 9 0
16 13 0
57 70 1
55 82 0
77 49 1
72 24 0
53 90 1
53 1 1
61 24 0
25 26 1
85 7 1
52 1 1
78 84 1
94 6 0
88 31 1
46 38 1
23 23 1
36 9 1
80 77 1
65 87 0
38 45 1
66 69 1
19 80 0
33 61 0
26 23 1
23 54 1
38 79 1
42 59 1
30 79 0
15 70 1
17 91 0
10 41 0
91 81 1
100 25 1
15 6 0
27 20 1
83 54 0
1 58 0
99 69 1
86 100 1
53 53 1
66 97 0
14 18 0
30 59 1
60 95 1
93 11 1
31 3 1
48 4 0
4 8 1
29 33 0
47 12 0
8 41 0
78 4 1
68 20 0
82 34 0
17 55 0
65 95 1
91 34 0
58 85 1
5 35 0
80 73 0
35 12 1
73 22 1
98 67 0
25 69 0
36 12 1
84 95 1
69 87 0
34 87 1
88 59 0
94 71 1
13 60 1
2 89 1
10 38 1
2 95 1
82 23 1
39 77 0
8 67 1
98 99 0
35 59 1
7 30 1
19 65 1
43 50 0
41 40 1
46 82 0
12 50 0
58 8 1
98 48 0
98 59 0
96 26 0
79 47 0
68 44 0
43 13 1
40 7 1
35 80 0
72 73 1
12 94 1
8 4 1
56 19 1
69 29 0
45 39 1
10 24 1
42 6 0
61 78 0
48 40 1
82 47 1
45 33 1
76 95 0
73 39 0
14 98 1
93 36 0
18 33 1
71 55 1
24 1 0
43 74 0
93 38 1
29 43 1
57 50 0
78 9 0
76 90 1
89 60 0
55 72 0
2 11 1
88 65 1
93 60 1
33 13 1
34 83 1
16 21 1
59 85 0
91 27 1
100 17 1
42 24 0
17 69 1
5 56 1
11 100 1
97 52 1
1 68 0
35 95 1
76 31 0
70 21 1
80 56 1
15 26 0
18 49 1
89 75 1
96 51 0
4 92 0
43 3 0
69 50 1
51 36 1
26 56 0
2 42 0
33 98 0
62 19 1
12 49 1
64 65 1
51 57 0
93 79 1
27 28 0
79 34 0
12 30 0
66 12 0
17 8 1
97 28 0
80 33 0
12 31 0
38 55 0
25 51 0
31 97 0
78 71 1
77 49 0
77 57 0
33 34 1
45 29 1
5 46 0
36 34 0
3 3 1
12 93 0
41 57 0
15 92 1
3 23 0
31 63 1
30 92 1
77 69 0
7 37 1
45 78 0
76 4 1
24 41 0
39 37 0
27 34 0
88 6 1
58 70 1
47 76 0
7 15 1
5 94 0
100 83 0
35 21 1
31 76 1
31 26 0
83 18 0
72 2 1
51 62 1
98 38 0
53 1 1
48 17 1
81 87 0
33 81 0
24 95 1
17 5 0
64 93 1
80 39 0
60 47 1
12 29 0
88 54 0
23 31 1
35 60 0
15 24 0
92 27 0
39 65 1
19 93 1
7 21 0
14 82 1
82 44 1
66 69 1
99 99 1
2 42 0
97 32 1
39 92 1
33 38 0
46 52 1
35 86 0
75 57 0
2 90 1
21 27 1
12 14 0
16 66 1
44 43 0
66 7 1
65 38 1
19 66 0
61 74 0
16 88 1
45 81 0
71 14 1
47 84 1
71 46 1
7 79 1
28 58 0
77 27 1
26 68 1
84 76 1
76 46 0
81 20 0
67 44 1
11 56 0
1 56 0
23 33 0
8 20 0
8 20 0
13 11 0
15 81 1
5 96 1
38 48 0
2 67 0
5 31 0
13 46 1
40 68 1
77 27 1
53 3 0
38 19 0
5 37 1
11 88 1
42 91 1
93 95 0
77 84 0
64 82 1
40 53 0
70 21 1
81 41 1
29 9 0
39 16 1
85 7 0
4 79 1
84 61 0
10 63 0
35 99 0
3 62 1
23 29 0
23 48 0
57 97 0
50 87 1
75 54 0
13 39 0
77 60 1
36 73 1
50 25 0
41 58 1
15 53 1
15 61 0
68 86 1
65 49 0
23 12 0
62 76 1
83 69 0
55 66 1
3 49 0
55 80 1
5 60 1
74 72 1
34 23 0
74 66 0
10 15 1
17 71 0
51 64 1
93 43 0
54 33 0
3 38 0
68 74 0
56 10 0
15 15 1
85 80 1
90 41 0
95 59 1
45 76 1
34 62 1
50 18 0
41 51 0
79 98 0
7 80 0
94 6 0
7 4 1
82 23 1
22 12 1
30 70 0
34 76 0
85 11 1
69 82 1
92 63 0
6 75 0
100 48 0
52 5 1
57 34 0
12 51 1
55 85 1
69 86 1
86 92 1
7 38 1
90 10 0
97 86 0
73 17 1
12 68 0
9 26 1
91 10 1
6 24 0
5 77 1
40 25 1
6 55 0
87 68 0
10 60 1
2 56 0
56 46 0
6 63 1
28 40 1
97 6 0
78 28 0
58 39 1
92 30 0
28 68 1
63 22 1
26 8 1
74 55 0
53 48 1
91 94 1
35 25 1
52 34 0
23 61 0
22 29 0
20 17 1
71 18 1
89 88 1
83 74 0
63 76 1
20 48 1
15 99 0
42 21 0
90 36 0
28 26 1
75 39 0
39 61 1
86 39 1
100 61 0
