20 100 3 100
12 10 8
13 8 10
19 7 5
19 13 2
3 6 7
2 20 9
8 7 1
13 6 8
9 7 4
1 2 7
4 16 2
13 7 9
10 2 9
4 1 5
11 15 4
2 10 10
9 19 6
16 14 3
10 3 2
3 9 10
18 11 10
18 10 1
3 14 1
9 20 8
11 18 8
2 9 7
5 1 9
17 1 3
19 15 3
10 13 9
3 16 6
2 5 10
14 15 1
4 3 1
16 5 10
3 4 9
1 11 6
12 9 4
15 13 3
14 18 7
16 15 3
8 6 5
9 2 7
20 5 5
17 6 4
19 4 1
4 6 1
3 10 4
18 1 10
3 15 6
14 13 10
18 12 4
5 7 2
9 8 1
9 4 8
10 17 9
7 14 7
16 20 7
14 1 4
17 18 2
16 17 9
16 18 10
6 20 8
16 19 9
13 20 6
10 6 6
16 9 1
20 4 5
18 4 5
2 17 5
15 4 7
14 4 6
4 15 8
19 18 1
2 4 10
18 8 9
11 7 8
1 7 6
6 13 8
4 20 8
13 9 8
14 3 8
8 19 3
14 8 2
20 2 5
9 13 4
11 2 1
17 4 2
11 3 5
4 12 9
3 17 9
12 14 5
5 6 2
5 9 7
5 14 5
3 19 6
10 1 5
4 8 7
2 3 10
15 5 2
11 9 1
1 3 0
13 14 0
1 2 2
10 7 3
10 18 3
5 6 3
13 5 1
2 4 3
15 2 3
6 4 3
1 6 0
10 14 2
3 7 3
10 13 0
16 19 2
19 10 2
7 4 1
19 6 0
20 20 2
2 12 3
19 14 2
8 12 1
10 2 1
19 13 2
9 3 3
20 18 2
7 20 0
2 19 3
3 1 1
4 14 1
4 20 2
13 15 0
9 16 0
11 9 2
10 12 2
16 16 3
11 3 3
3 5 3
8 15 3
1 17 3
12 19 3
11 19 2
14 18 1
5 10 1
14 16 1
5 19 3
14 19 1
11 4 2
13 20 1
1 8 3
15 9 1
3 8 0
20 1 0
16 14 0
19 10 3
7 5 3
1 4 0
19 4 3
16 17 3
4 10 0
17 19 2
19 15 2
1 14 2
1 2 1
7 16 1
7 20 2
6 14 0
7 20 1
5 20 1
7 2 1
5 18 0
8 20 0
10 12 2
16 19 3
13 18 1
16 10 3
18 4 2
20 17 0
14 2 2
10 7 0
4 20 2
5 16 2
11 7 1
15 17 2
10 20 0
18 12 3
8 3 0
8 20 3
17 7 0
2 6 2
15 5 3
7 7 0
15 3 0
3 17 1
5 6 2
20 17 0
8 2 3
18 17 1
10 10 2
