100 10000 70
0 525
9 8678
16 189
22 850
26 708
30 2910
36 610
44 3339
49 6
57 4897
60 422
66 3753
71 512
80 9195
86 681
96 4961
101 208
110 9345
119 509
120 5531
125 793
131 5149
141 791
147 6621
149 768
151 5727
154 790
160 8441
167 43
172 715
181 349
183 603
189 481
195 1092
205 680
211 6873
218 973
221 1881
225 332
234 5039
243 887
247 7956
253 614
262 3327
266 337
270 1187
272 689
277 4691
285 90
294 9602
296 986
299 1261
309 900
319 735
322 211
329 1309
331 248
334 7305
338 184
340 8047
348 7
349 1115
352 756
354 3755
355 483
361 2688
363 217
368 8919
369 158
373 9015
381 470
387 4047
392 925
399 1536
404 176
407 87
416 656
420 9621
430 23
436 7793
441 561
451 5223
459 418
463 3301
467 343
468 4987
471 423
472 845
475 939
483 148
489 769
494 185
499 43
503 5139
509 281
510 9777
517 210
527 7619
533 825
541 9379
0 3724
9 501
16 6086
22 456
26 8052
30 864
36 365
44 509
49 5645
57 7
60 4127
66 778
71 7759
80 962
86 5612
96 316
101 4808
110 172
119 6336
120 184
125 7159
131 513
141 322
147 813
149 2075
151 71
154 6046
160 399
167 9395
172 442
181 805
183 791
189 1181
195 813
205 4732
211 339
218 7218
221 247
225 6327
234 212
243 5859
247 653
253 5839
262 102
266 7665
270 492
272 5829
277 793
285 5607
294 909
296 6568
299 633
309 4697
319 248
322 7130
329 28
331 6233
334 39
338 1942
340 602
348 1799
349 807
352 1615
354 506
355 3683
361 62
363 9363
368 453
369 7689
373 159
381 568
387 614
392 4291
399 178
404 4368
407 238
416 4071
420 137
430 2229
436 425
441 7764
451 459
459 8567
463 717
467 5587
468 386
471 3377
472 366
475 3038
483 925
489 8543
494 659
499 719
503 138
509 786
510 270
517 8876
527 992
533 7930
541 61